[ 53, 29, 89, 0, 0, 0, 31, 0 ]
[ 98, 8, 32, 2, 0, 0, 94, 11 ]
[ 117, 141, 203, 25, 0, 0, 28, 0 ]
[ 95, 114, 436, 345, 98, 38, 16, 0 ]
[ 118, 41, 152, 284, 148, 171, 36, 0 ]
[ 104, 7, 2, 61, 81, 193, 142, 2 ]
[ 90, 37, 0, 0, 5, 1, 3, 0 ]
[ 50, 69, 28, 38, 28, 6, 0, 0 ]
[ 0, 0, 0, 0, 0, 0, 0, 0 ]
[ 0, 0, 0, 0, 0, 0, 0, 0 ]
[ 0, 0, 0, 0, 0, 0, 0, 0 ]
[ 0, 0, 0, 0, 0, 0, 0, 0 ]
[ 0, 0, 0, 0, 0, 0, 0, 0 ]
[ 0, 0, 0, 0, 0, 0, 0, 0 ]
[ 0, 0, 0, 0, 0, 0, 0, 0 ]
[ 0, 0, 0, 0, 0, 0, 0, 0 ]
[ 26, 0, 0, 0, 0, 0, 0, 0 ]
[ 0, 0, 23, 6, 0, 0, 0, 0 ]
[ 0, 0, 0, 0, 0, 2, 6, 0 ]
[ 6, 0, 0, 0, 0, 0, 0, 0 ]
[ 0, 0, 0, 0, 0, 0, 0, 0 ]
[ 0, 0, 0, 0, 0, 0, 0, 0 ]
[ 79, 75, 44, 19, 23, 25, 5, 9 ]
[ 70, 44, 17, 21, 17, 10, 6, 0 ]
[ 0, 0, 0, 0, 0, 0, 0, 0 ]
[ 0, 0, 0, 0, 0, 0, 0, 0 ]
[ 0, 0, 0, 0, 0, 0, 0, 0 ]
[ 0, 171, 33, 0, 0, 0, 0, 0 ]
[ 0, 47, 153, 11, 14, 0, 0, 0 ]
[ 0, 0, 0, 0, 60, 18, 0, 0 ]
[ 1, 48, 92, 68, 38, 61, 70, 5 ]
[ 29, 72, 101, 98, 92, 141, 165, 28 ]
[ 29, 21, 38, 0, 0, 0, 0, 0 ]
[ 14, 99, 150, 0, 0, 0, 0, 0 ]
[ 26, 24, 23, 0, 0, 0, 0, 0 ]
[ 69, 0, 0, 0, 0, 0, 0, 0 ]
[ 51, 0, 211, 34, 0, 0, 0, 0 ]
[ 18, 0, 40, 7, 0, 0, 0, 0 ]
[ 126, 0, 0, 0, 0, 0, 0, 0 ]
[ 65, 0, 0, 0, 0, 0, 0, 2 ]
[ 11, 0, 27, 13, 26, 8, 2, 0 ]
[ 64, 0, 14, 41, 17, 0, 0, 7 ]
[ 66, 0, 70, 66, 18, 0, 3, 0 ]
[ 19, 0, 0, 65, 83, 94, 43, 1 ]
[ 86, 0, 0, 58, 0, 36, 109, 31 ]
[ 113, 6, 0, 31, 0, 0, 20, 24 ]
[ 18, 0, 0, 0, 0, 0, 0, 16 ]
[ 22, 33, 25, 32, 24, 33, 69, 21 ]
[ 14, 0, 71, 94, 120, 73, 32, 0 ]
[ 0, 19, 111, 49, 18, 1, 0, 0 ]
[ 0, 28, 9, 0, 0, 26, 35, 0 ]
[ 0, 0, 0, 1, 0, 1, 0, 0 ]
[ 0, 0, 0, 0, 2, 51, 19, 0 ]
[ 33, 223, 369, 271, 212, 138, 188, 10 ]
[ 0, 19, 60, 66, 74, 50, 17, 15 ]
[ 0, 0, 0, 0, 0, 0, 70, 125 ]
[ 0, 0, 0, 0, 0, 9, 0, 19 ]
[ 0, 0, 0, 0, 0, 6, 0, 0 ]
[ 0, 0, 0, 0, 0, 2, 0, 0 ]
[ 0, 0, 0, 0, 0, 0, 0, 0 ]
[ 0, 0, 0, 0, 0, 0, 0, 1 ]
[ 0, 0, 0, 18, 3, 7, 15, 82 ]
[ 28, 0, 0, 3, 0, 0, 12, 66 ]
[ 12, 0, 5, 0, 4, 12, 33, 81 ]
[ 0, 0, 0, 0, 0, 0, 0, 15 ]
[ 0, 1, 0, 0, 0, 0, 0, 13 ]
[ 0, 0, 0, 0, 0, 0, 0, 7 ]
[ 0, 23, 0, 0, 0, 0, 0, 4 ]
[ 0, 124, 63, 0, 0, 0, 0, 1 ]
[ 0, 0, 15, 0, 0, 0, 0, 0 ]
[ 0, 0, 0, 0, 0, 0, 0, 11 ]
[ 0, 0, 3, 0, 0, 10, 2, 9 ]
[ 0, 81, 91, 42, 29, 42, 12, 7 ]
[ 0, 165, 100, 79, 108, 136, 43, 5 ]
[ 4, 113, 38, 10, 15, 20, 0, 3 ]
[ 0, 40, 83, 39, 18, 2, 0, 1 ]
[ 0, 115, 81, 0, 54, 84, 40, 16 ]
[ 19, 61, 107, 28, 54, 81, 42, 58 ]
[ 50, 0, 0, 0, 0, 4, 7, 69 ]
[ 8, 0, 7, 10, 7, 3, 15, 65 ]
[ 25, 30, 17, 3, 5, 0, 0, 0 ]
[ 0, 45, 29, 0, 0, 1, 0, 0 ]
[ 0, 0, 0, 0, 0, 0, 0, 0 ]
[ 0, 0, 0, 0, 0, 4, 0, 0 ]
[ 0, 0, 1, 0, 0, 0, 0, 0 ]
[ 0, 0, 4, 21, 0, 0, 0, 0 ]
[ 0, 0, 0, 0, 0, 0, 0, 9 ]
[ 0, 0, 0, 0, 0, 7, 138, 62 ]
[ 20, 0, 0, 0, 0, 0, 0, 0 ]
[ 27, 0, 0, 0, 0, 0, 0, 0 ]
[ 43, 0, 0, 0, 0, 0, 0, 0 ]
[ 27, 0, 0, 0, 0, 0, 0, 0 ]
[ 21, 0, 0, 0, 0, 0, 0, 0 ]
[ 26, 0, 0, 0, 0, 0, 0, 0 ]
[ 0, 0, 0, 0, 0, 0, 0, 0 ]
[ 1, 0, 0, 0, 0, 15, 33, 0 ]
[ 75, 14, 0, 48, 70, 66, 69, 150 ]
[ 78, 0, 0, 28, 75, 53, 11, 150 ]
[ 39, 0, 8, 123, 162, 163, 107, 157 ]
[ 73, 0, 0, 2, 18, 30, 38, 139 ]
[ 84, 44, 0, 0, 0, 0, 0, 97 ]
[ 13, 48, 23, 60, 78, 28, 53, 130 ]
[ 88, 215, 219, 197, 163, 96, 28, 37 ]
[ 35, 89, 74, 81, 74, 58, 26, 3 ]
[ 0, 0, 0, 0, 0, 0, 0, 0 ]
[ 0, 0, 11, 17, 7, 54, 35, 0 ]
[ 0, 0, 0, 0, 0, 0, 0, 0 ]
[ 0, 0, 23, 19, 0, 0, 0, 0 ]
[ 0, 0, 38, 189, 68, 0, 0, 0 ]
[ 0, 0, 0, 0, 1, 0, 0, 0 ]
[ 120, 209, 160, 123, 142, 147, 110, 9 ]
[ 97, 183, 162, 133, 126, 142, 60, 0 ]
[ 4, 0, 0, 0, 0, 0, 0, 0 ]
[ 0, 0, 3, 0, 0, 0, 0, 0 ]
[ 0, 2, 0, 0, 0, 0, 0, 0 ]
[ 0, 0, 8, 0, 0, 0, 0, 0 ]
[ 0, 0, 75, 21, 0, 0, 0, 0 ]
[ 0, 0, 0, 23, 0, 0, 0, 0 ]
[ 0, 0, 0, 0, 0, 0, 20, 50 ]
[ 0, 0, 0, 0, 0, 17, 155, 127 ]
[ 0, 0, 0, 0, 0, 11, 9, 26 ]
[ 0, 0, 0, 0, 0, 10, 4, 4 ]
[ 0, 0, 0, 14, 69, 70, 22, 4 ]
[ 0, 0, 0, 0, 30, 46, 50, 19 ]
[ 0, 0, 0, 17, 1, 7, 51, 34 ]
[ 1, 0, 0, 0, 0, 28, 85, 98 ]
[ 45, 56, 44, 36, 29, 51, 160, 183 ]
[ 0, 23, 19, 8, 18, 47, 61, 74 ]
[ 0, 53, 118, 13, 6, 0, 3, 0 ]
[ 0, 62, 146, 65, 13, 0, 16, 1 ]
[ 23, 20, 54, 0, 0, 0, 0, 0 ]
[ 0, 0, 55, 10, 0, 0, 0, 0 ]
[ 21, 0, 94, 31, 0, 0, 0, 0 ]
[ 20, 0, 0, 0, 0, 0, 0, 0 ]
[ 107, 0, 0, 0, 0, 0, 0, 0 ]
[ 55, 2, 0, 0, 0, 0, 0, 1 ]
[ 0, 8, 102, 80, 76, 102, 40, 0 ]
[ 0, 1, 144, 100, 87, 105, 19, 0 ]
[ 43, 90, 181, 34, 5, 9, 0, 0 ]
[ 0, 12, 145, 227, 134, 65, 7, 0 ]
[ 5, 0, 1, 172, 101, 275, 205, 16 ]
[ 140, 159, 117, 213, 98, 189, 154, 85 ]
[ 54, 22, 0, 28, 29, 26, 29, 33 ]
[ 3, 3, 1, 0, 4, 11, 18, 37 ]
[ 124, 86, 53, 74, 79, 59, 79, 64 ]
[ 109, 50, 0, 0, 13, 0, 1, 50 ]
[ 63, 80, 64, 74, 44, 35, 55, 52 ]
[ 125, 118, 0, 80, 134, 156, 156, 79 ]
[ 107, 305, 21, 0, 0, 32, 88, 43 ]
[ 15, 96, 174, 53, 40, 76, 65, 0 ]
[ 0, 8, 24, 8, 3, 32, 7, 0 ]
[ 0, 0, 0, 0, 0, 0, 0, 0 ]
[ 0, 0, 0, 0, 0, 0, 0, 0 ]
[ 0, 16, 25, 0, 0, 0, 0, 0 ]
[ 0, 0, 0, 0, 0, 0, 0, 0 ]
[ 0, 0, 0, 0, 0, 0, 0, 0 ]
[ 0, 0, 162, 8, 0, 0, 0, 0 ]
[ 0, 0, 17, 0, 0, 0, 0, 0 ]
[ 100, 0, 0, 0, 0, 0, 0, 0 ]
[ 42, 0, 0, 0, 0, 0, 0, 0 ]
[ 0, 0, 0, 0, 0, 0, 0, 0 ]
[ 0, 0, 0, 0, 0, 0, 0, 0 ]
[ 0, 0, 0, 0, 0, 0, 0, 0 ]
[ 0, 0, 0, 0, 0, 0, 0, 0 ]
[ 0, 0, 0, 0, 0, 0, 0, 0 ]
[ 0, 0, 0, 0, 0, 0, 0, 0 ]
[ 0, 0, 0, 0, 0, 0, 0, 0 ]
[ 0, 0, 0, 0, 0, 0, 0, 0 ]
[ 0, 0, 40, 39, 41, 31, 7, 0 ]
[ 0, 0, 61, 0, 0, 5, 5, 0 ]
[ 0, 9, 112, 44, 19, 62, 19, 0 ]
[ 12, 0, 19, 59, 5, 2, 0, 0 ]
[ 0, 0, 17, 78, 0, 23, 19, 0 ]
[ 13, 74, 155, 180, 165, 133, 99, 1 ]
[ 68, 30, 35, 68, 81, 60, 41, 0 ]
[ 34, 6, 6, 9, 4, 7, 0, 3 ]
[ 38, 8, 89, 51, 48, 20, 42, 0 ]
[ 59, 3, 56, 48, 9, 0, 22, 0 ]
[ 78, 201, 262, 90, 14, 13, 44, 0 ]
[ 49, 98, 286, 304, 197, 151, 90, 0 ]
[ 81, 32, 44, 243, 106, 209, 117, 0 ]
[ 150, 102, 33, 50, 56, 206, 153, 20 ]
[ 106, 56, 10, 37, 49, 49, 48, 0 ]
[ 8, 20, 4, 11, 10, 0, 0, 0 ]
[ 0, 0, 0, 0, 0, 0, 0, 0 ]
[ 0, 0, 0, 0, 0, 4, 12, 0 ]
[ 0, 19, 40, 4, 2, 47, 26, 0 ]
[ 0, 109, 99, 90, 23, 12, 0, 0 ]
[ 0, 9, 0, 4, 0, 0, 2, 1 ]
[ 0, 21, 35, 15, 94, 189, 160, 60 ]
[ 35, 0, 0, 0, 0, 0, 3, 53 ]
[ 17, 6, 11, 2, 0, 7, 34, 85 ]
[ 0, 0, 8, 3, 10, 0, 0, 7 ]
[ 0, 0, 0, 0, 0, 0, 0, 0 ]
[ 0, 0, 0, 0, 0, 0, 0, 0 ]
[ 0, 0, 0, 0, 0, 0, 0, 0 ]
[ 0, 0, 0, 0, 0, 0, 0, 0 ]
[ 0, 3, 38, 23, 31, 0, 0, 0 ]
[ 0, 0, 0, 0, 2, 0, 0, 0 ]
[ 9, 0, 0, 5, 0, 0, 0, 6 ]
[ 0, 0, 0, 0, 0, 0, 0, 0 ]
[ 0, 0, 0, 0, 0, 0, 0, 0 ]
[ 0, 0, 0, 0, 0, 0, 0, 0 ]
[ 0, 0, 0, 0, 0, 0, 0, 0 ]
[ 0, 0, 0, 0, 0, 0, 0, 0 ]
[ 0, 0, 0, 0, 0, 0, 0, 0 ]
[ 0, 0, 0, 0, 0, 0, 0, 0 ]
[ 0, 0, 0, 0, 0, 1, 14, 0 ]
[ 113, 78, 0, 0, 0, 0, 0, 121 ]
[ 180, 131, 0, 0, 0, 9, 8, 172 ]
[ 117, 34, 0, 0, 0, 6, 17, 183 ]
[ 134, 212, 70, 0, 0, 0, 2, 180 ]
[ 133, 238, 196, 0, 0, 0, 0, 117 ]
[ 36, 12, 39, 0, 4, 4, 0, 170 ]
[ 33, 0, 0, 0, 0, 0, 0, 112 ]
[ 43, 0, 0, 0, 0, 4, 45, 153 ]
[ 0, 0, 55, 30, 31, 48, 14, 0 ]
[ 0, 0, 80, 100, 112, 122, 26, 0 ]
[ 0, 30, 156, 112, 136, 101, 3, 0 ]
[ 0, 83, 230, 121, 25, 3, 0, 0 ]
[ 0, 0, 33, 254, 238, 267, 108, 0 ]
[ 79, 38, 12, 187, 111, 296, 204, 38 ]
[ 201, 181, 126, 121, 90, 107, 139, 84 ]
[ 14, 6, 6, 22, 23, 35, 80, 43 ]
[ 0, 0, 66, 46, 50, 78, 21, 0 ]
[ 0, 0, 60, 62, 64, 55, 18, 0 ]
[ 0, 14, 106, 56, 58, 67, 12, 0 ]
[ 0, 0, 93, 123, 29, 18, 0, 0 ]
[ 0, 0, 0, 85, 0, 21, 6, 0 ]
[ 0, 40, 0, 68, 78, 125, 107, 9 ]
[ 162, 156, 111, 119, 130, 99, 47, 4 ]
[ 76, 82, 76, 81, 79, 43, 0, 0 ]
[ 0, 15, 53, 0, 0, 0, 0, 0 ]
[ 0, 24, 92, 0, 0, 0, 0, 0 ]
[ 0, 0, 2, 0, 0, 0, 0, 0 ]
[ 0, 0, 0, 0, 0, 0, 0, 0 ]
[ 0, 11, 49, 0, 0, 0, 0, 0 ]
[ 0, 0, 0, 0, 0, 0, 0, 0 ]
[ 52, 0, 0, 0, 0, 0, 0, 0 ]
[ 41, 3, 7, 17, 9, 0, 0, 1 ]
[ 56, 0, 0, 0, 0, 0, 0, 18 ]
[ 62, 0, 0, 0, 0, 0, 0, 37 ]
[ 45, 0, 0, 0, 0, 0, 1, 53 ]
[ 121, 111, 0, 0, 0, 0, 0, 46 ]
[ 69, 157, 130, 11, 0, 0, 0, 16 ]
[ 0, 0, 20, 0, 26, 17, 0, 0 ]
[ 4, 0, 0, 0, 0, 0, 0, 0 ]
[ 7, 0, 0, 0, 0, 0, 0, 0 ]
[ 0, 0, 0, 0, 0, 0, 0, 0 ]
[ 0, 0, 0, 0, 0, 0, 0, 0 ]
[ 0, 0, 0, 0, 0, 0, 0, 0 ]
[ 0, 0, 7, 0, 0, 0, 0, 0 ]
[ 0, 0, 0, 0, 0, 0, 0, 0 ]
[ 0, 0, 0, 0, 0, 0, 0, 0 ]
[ 0, 0, 0, 0, 0, 0, 0, 0 ]
[ 0, 0, 0, 0, 0, 0, 0, 0 ]
[ 51, 0, 0, 0, 0, 0, 0, 0 ]
[ 102, 0, 47, 1, 0, 0, 0, 0 ]
[ 63, 0, 0, 0, 0, 0, 0, 0 ]
[ 46, 6, 68, 0, 0, 0, 0, 0 ]
[ 70, 0, 118, 91, 0, 0, 0, 0 ]
[ 90, 0, 0, 0, 0, 0, 0, 0 ]
[ 114, 0, 0, 0, 0, 0, 0, 7 ]
[ 57, 3, 0, 0, 0, 0, 11, 49 ]
[ 0, 13, 99, 57, 50, 49, 6, 0 ]
[ 0, 15, 84, 9, 0, 9, 3, 0 ]
[ 0, 55, 73, 0, 0, 0, 0, 0 ]
[ 0, 0, 55, 101, 54, 15, 0, 0 ]
[ 0, 0, 13, 5, 21, 126, 88, 0 ]
[ 60, 81, 12, 78, 70, 0, 0, 7 ]
[ 0, 0, 0, 0, 0, 0, 0, 0 ]
[ 20, 0, 0, 0, 0, 0, 0, 9 ]
[ 0, 0, 0, 0, 0, 21, 11, 33 ]
[ 0, 0, 13, 27, 56, 93, 19, 21 ]
[ 0, 0, 51, 74, 104, 97, 37, 26 ]
[ 0, 0, 0, 29, 37, 40, 40, 31 ]
[ 0, 1, 0, 40, 26, 23, 51, 32 ]
[ 0, 41, 0, 54, 78, 152, 138, 96 ]
[ 35, 136, 104, 115, 89, 86, 115, 84 ]
[ 6, 79, 77, 71, 74, 92, 95, 49 ]
[ 0, 0, 63, 97, 103, 79, 11, 0 ]
[ 0, 0, 24, 0, 0, 24, 4, 0 ]
[ 0, 0, 0, 0, 0, 4, 0, 0 ]
[ 0, 0, 0, 0, 0, 0, 0, 0 ]
[ 0, 0, 0, 0, 13, 52, 13, 0 ]
[ 53, 196, 118, 138, 138, 33, 26, 0 ]
[ 0, 8, 34, 62, 70, 45, 24, 0 ]
[ 16, 3, 0, 0, 0, 0, 4, 10 ]
[ 0, 0, 27, 15, 4, 0, 0, 0 ]
[ 0, 0, 55, 56, 55, 69, 18, 0 ]
[ 0, 0, 0, 0, 0, 0, 0, 0 ]
[ 0, 0, 0, 0, 0, 0, 0, 0 ]
[ 0, 0, 0, 7, 0, 0, 0, 0 ]
[ 0, 0, 0, 0, 0, 0, 0, 0 ]
[ 117, 41, 18, 34, 52, 54, 82, 22 ]
[ 66, 23, 7, 8, 3, 0, 0, 15 ]
[ 0, 2, 3, 39, 41, 50, 2, 0 ]
[ 0, 9, 0, 4, 32, 54, 6, 0 ]
[ 0, 4, 0, 0, 0, 7, 0, 0 ]
[ 4, 0, 0, 0, 0, 0, 0, 0 ]
[ 3, 2, 0, 0, 0, 0, 0, 0 ]
[ 12, 153, 101, 48, 138, 69, 36, 0 ]
[ 65, 65, 92, 89, 92, 86, 89, 24 ]
[ 39, 0, 8, 1, 3, 11, 63, 17 ]
[ 0, 0, 0, 0, 0, 0, 0, 0 ]
[ 0, 0, 0, 0, 0, 0, 0, 0 ]
[ 0, 0, 8, 0, 0, 0, 0, 0 ]
[ 0, 7, 3, 0, 0, 0, 0, 0 ]
[ 0, 0, 0, 0, 0, 0, 0, 0 ]
[ 0, 0, 0, 0, 0, 0, 0, 0 ]
[ 0, 0, 0, 0, 0, 0, 0, 0 ]
[ 0, 0, 0, 0, 0, 0, 0, 0 ]
[ 0, 6, 147, 134, 127, 164, 51, 0 ]
[ 0, 0, 54, 58, 94, 147, 51, 0 ]
[ 0, 41, 153, 31, 6, 16, 0, 0 ]
[ 0, 0, 78, 202, 87, 23, 0, 0 ]
[ 0, 0, 0, 3, 53, 207, 216, 15 ]
[ 168, 208, 45, 196, 129, 57, 102, 48 ]
[ 62, 50, 10, 31, 23, 14, 17, 6 ]
[ 34, 31, 16, 45, 50, 37, 14, 9 ]
[ 11, 4, 15, 30, 24, 17, 17, 25 ]
[ 21, 0, 0, 13, 7, 0, 0, 40 ]
[ 11, 3, 104, 98, 53, 30, 42, 48 ]
[ 6, 0, 9, 148, 153, 133, 103, 56 ]
[ 51, 33, 0, 5, 0, 35, 84, 56 ]
[ 50, 87, 5, 60, 57, 171, 168, 103 ]
[ 52, 151, 114, 106, 75, 80, 27, 5 ]
[ 26, 105, 83, 78, 74, 89, 88, 51 ]
[ 26, 0, 0, 0, 0, 0, 4, 0 ]
[ 32, 0, 0, 0, 0, 0, 22, 0 ]
[ 1, 28, 53, 7, 2, 13, 37, 0 ]
[ 0, 47, 74, 21, 35, 77, 92, 0 ]
[ 12, 0, 27, 231, 80, 87, 123, 2 ]
[ 0, 0, 0, 61, 17, 52, 57, 2 ]
[ 0, 6, 0, 2, 11, 32, 98, 57 ]
[ 0, 41, 42, 27, 32, 81, 80, 23 ]
[ 0, 0, 0, 0, 0, 0, 0, 0 ]
[ 46, 0, 18, 54, 72, 101, 23, 0 ]
[ 75, 0, 21, 25, 46, 55, 0, 0 ]
[ 33, 0, 0, 0, 0, 0, 0, 0 ]
[ 35, 12, 13, 53, 31, 61, 27, 12 ]
[ 162, 6, 0, 29, 49, 20, 0, 35 ]
[ 141, 0, 0, 0, 0, 0, 0, 97 ]
[ 118, 45, 47, 51, 37, 32, 80, 124 ]
[ 0, 45, 10, 0, 0, 0, 0, 58 ]
[ 0, 123, 31, 0, 0, 0, 2, 97 ]
[ 0, 19, 0, 0, 0, 0, 0, 77 ]
[ 0, 1, 0, 0, 0, 0, 0, 80 ]
[ 0, 83, 38, 0, 0, 0, 0, 54 ]
[ 0, 4, 45, 0, 0, 0, 0, 45 ]
[ 0, 0, 0, 0, 0, 0, 0, 41 ]
[ 0, 0, 0, 0, 0, 0, 0, 35 ]
[ 11, 58, 59, 70, 64, 53, 125, 126 ]
[ 0, 0, 0, 0, 0, 0, 7, 69 ]
[ 0, 0, 0, 0, 0, 0, 35, 67 ]
[ 0, 0, 2, 30, 29, 57, 75, 79 ]
[ 7, 58, 0, 0, 0, 0, 11, 42 ]
[ 0, 0, 30, 6, 6, 3, 42, 73 ]
[ 0, 0, 20, 34, 25, 33, 16, 12 ]
[ 0, 0, 0, 0, 0, 0, 0, 28 ]
[ 210, 19, 0, 0, 0, 0, 0, 37 ]
[ 258, 56, 17, 0, 0, 0, 0, 75 ]
[ 210, 106, 113, 29, 0, 0, 22, 89 ]
[ 248, 135, 63, 73, 27, 36, 55, 88 ]
[ 228, 162, 174, 93, 0, 0, 0, 23 ]
[ 39, 0, 33, 8, 0, 7, 0, 0 ]
[ 11, 0, 0, 0, 0, 0, 0, 0 ]
[ 28, 0, 0, 0, 0, 0, 0, 0 ]
[ 0, 0, 42, 64, 82, 98, 37, 0 ]
[ 0, 0, 58, 153, 201, 123, 8, 0 ]
[ 0, 0, 108, 174, 173, 89, 7, 0 ]
[ 0, 0, 3, 41, 35, 34, 8, 0 ]
[ 0, 0, 0, 206, 142, 84, 30, 0 ]
[ 0, 0, 0, 128, 116, 162, 83, 0 ]
[ 126, 217, 223, 212, 170, 195, 192, 20 ]
[ 30, 82, 100, 107, 99, 94, 52, 0 ]
[ 0, 0, 0, 0, 0, 0, 0, 0 ]
[ 0, 0, 0, 0, 0, 0, 0, 0 ]
[ 0, 0, 0, 0, 0, 0, 0, 0 ]
[ 0, 0, 0, 0, 0, 0, 0, 0 ]
[ 0, 0, 0, 0, 0, 0, 0, 0 ]
[ 0, 0, 0, 0, 0, 0, 0, 0 ]
[ 0, 0, 0, 0, 0, 0, 0, 0 ]
[ 0, 0, 0, 0, 0, 0, 0, 0 ]
[ 0, 0, 0, 0, 0, 0, 0, 3 ]
[ 0, 56, 0, 0, 0, 0, 0, 0 ]
[ 0, 8, 0, 0, 0, 0, 0, 0 ]
[ 0, 28, 0, 0, 0, 0, 0, 0 ]
[ 0, 215, 203, 0, 0, 0, 0, 0 ]
[ 0, 11, 61, 0, 0, 0, 0, 0 ]
[ 0, 0, 0, 0, 0, 0, 0, 0 ]
[ 0, 0, 0, 0, 0, 0, 1, 12 ]
[ 0, 3, 0, 0, 0, 0, 0, 0 ]
[ 0, 50, 0, 0, 0, 0, 0, 4 ]
[ 0, 7, 0, 0, 0, 0, 0, 0 ]
[ 0, 0, 0, 0, 0, 0, 0, 0 ]
[ 0, 74, 91, 4, 0, 0, 0, 0 ]
[ 0, 0, 0, 0, 0, 0, 0, 0 ]
[ 0, 0, 0, 0, 0, 0, 0, 0 ]
[ 0, 0, 0, 0, 0, 0, 0, 0 ]
[ 15, 23, 115, 138, 152, 103, 88, 43 ]
[ 41, 17, 150, 226, 212, 109, 62, 70 ]
[ 27, 89, 235, 193, 130, 101, 103, 69 ]
[ 7, 0, 28, 159, 183, 186, 170, 80 ]
[ 65, 31, 0, 107, 40, 170, 203, 73 ]
[ 87, 160, 56, 48, 7, 70, 125, 82 ]
[ 128, 273, 235, 216, 189, 155, 127, 38 ]
[ 55, 146, 113, 106, 104, 85, 40, 37 ]
[ 0, 64, 79, 0, 0, 19, 13, 43 ]
[ 0, 60, 119, 18, 6, 5, 11, 56 ]
[ 0, 194, 228, 26, 4, 0, 0, 64 ]
[ 0, 349, 619, 262, 93, 47, 1, 68 ]
[ 0, 31, 356, 381, 226, 260, 97, 57 ]
[ 0, 0, 109, 70, 24, 109, 34, 74 ]
[ 0, 0, 0, 0, 0, 0, 0, 87 ]
[ 2, 0, 7, 0, 0, 11, 2, 65 ]
[ 0, 0, 0, 0, 0, 0, 0, 30 ]
[ 0, 0, 0, 0, 0, 29, 7, 7 ]
[ 0, 0, 0, 0, 0, 18, 0, 2 ]
[ 0, 1, 0, 0, 0, 0, 0, 6 ]
[ 0, 33, 22, 0, 0, 0, 1, 0 ]
[ 0, 0, 2, 0, 0, 0, 0, 11 ]
[ 0, 0, 0, 0, 0, 0, 0, 28 ]
[ 0, 0, 0, 0, 0, 15, 5, 0 ]
[ 0, 0, 0, 0, 0, 0, 0, 12 ]
[ 0, 5, 0, 0, 0, 0, 0, 0 ]
[ 0, 0, 0, 0, 32, 57, 21, 0 ]
[ 0, 208, 17, 0, 0, 5, 0, 0 ]
[ 0, 8, 125, 5, 0, 0, 0, 0 ]
[ 0, 0, 276, 278, 22, 146, 79, 0 ]
[ 0, 0, 0, 0, 0, 0, 0, 0 ]
[ 0, 0, 0, 0, 0, 11, 40, 3 ]
[ 0, 0, 0, 0, 0, 0, 0, 0 ]
[ 0, 3, 24, 0, 8, 62, 24, 0 ]
[ 1, 0, 4, 0, 13, 49, 0, 0 ]
[ 0, 27, 58, 12, 0, 0, 0, 0 ]
[ 0, 18, 111, 113, 20, 54, 13, 0 ]
[ 0, 0, 0, 14, 23, 22, 0, 0 ]
[ 13, 0, 0, 0, 0, 0, 0, 22 ]
[ 69, 20, 19, 15, 11, 30, 35, 83 ]
[ 0, 0, 38, 62, 81, 52, 8, 0 ]
[ 0, 0, 5, 38, 59, 24, 3, 0 ]
[ 0, 0, 0, 0, 0, 1, 0, 0 ]
[ 0, 0, 0, 0, 0, 0, 0, 0 ]
[ 0, 0, 0, 0, 0, 0, 0, 0 ]
[ 0, 20, 0, 18, 48, 31, 17, 0 ]
[ 127, 188, 163, 153, 132, 112, 97, 41 ]
[ 88, 119, 81, 95, 94, 90, 74, 11 ]
[ 0, 31, 0, 0, 0, 7, 0, 9 ]
[ 0, 85, 33, 32, 50, 89, 6, 14 ]
[ 0, 158, 131, 40, 43, 27, 0, 1 ]
[ 0, 80, 74, 89, 114, 63, 9, 7 ]
[ 0, 195, 133, 46, 48, 125, 72, 7 ]
[ 0, 73, 99, 66, 83, 163, 95, 39 ]
[ 0, 0, 0, 0, 0, 0, 37, 15 ]
[ 0, 2, 13, 9, 6, 22, 36, 1 ]
[ 0, 0, 0, 0, 0, 0, 0, 0 ]
[ 0, 15, 0, 0, 0, 0, 11, 0 ]
[ 0, 0, 0, 0, 0, 0, 0, 0 ]
[ 0, 0, 0, 0, 0, 0, 0, 0 ]
[ 0, 42, 19, 0, 0, 0, 3, 24 ]
[ 0, 0, 0, 0, 0, 0, 0, 3 ]
[ 0, 0, 0, 0, 0, 0, 0, 25 ]
[ 0, 0, 0, 0, 1, 0, 0, 59 ]
[ 0, 0, 0, 0, 0, 0, 0, 0 ]
[ 0, 0, 0, 0, 0, 0, 0, 0 ]
[ 0, 0, 0, 0, 0, 0, 0, 0 ]
[ 0, 0, 0, 0, 0, 0, 0, 0 ]
[ 0, 0, 0, 0, 0, 0, 0, 0 ]
[ 0, 0, 0, 0, 0, 0, 0, 0 ]
[ 0, 0, 0, 0, 0, 0, 0, 0 ]
[ 0, 0, 0, 0, 0, 0, 0, 0 ]
[ 55, 25, 1, 0, 0, 0, 11, 26 ]
[ 84, 0, 0, 0, 0, 0, 16, 95 ]
[ 94, 0, 2, 11, 0, 0, 2, 84 ]
[ 127, 0, 0, 0, 0, 0, 10, 77 ]
[ 85, 0, 0, 0, 0, 0, 0, 27 ]
[ 2, 0, 0, 0, 0, 0, 0, 0 ]
[ 76, 24, 9, 1, 0, 0, 0, 0 ]
[ 57, 25, 28, 21, 3, 0, 0, 0 ]
[ 0, 51, 101, 42, 34, 11, 9, 0 ]
[ 0, 76, 143, 150, 156, 117, 48, 7 ]
[ 0, 32, 55, 12, 0, 0, 0, 0 ]
[ 0, 0, 0, 25, 19, 12, 0, 0 ]
[ 11, 0, 0, 0, 0, 0, 25, 0 ]
[ 2, 4, 7, 0, 1, 2, 7, 0 ]
[ 159, 98, 121, 97, 77, 54, 30, 0 ]
[ 69, 20, 19, 18, 12, 1, 0, 0 ]
[ 23, 18, 0, 0, 0, 0, 0, 4 ]
[ 28, 54, 7, 0, 0, 0, 6, 15 ]
[ 29, 3, 0, 0, 0, 0, 1, 12 ]
[ 18, 0, 0, 0, 0, 0, 0, 8 ]
[ 11, 5, 153, 0, 0, 0, 0, 0 ]
[ 1, 0, 6, 0, 0, 0, 0, 0 ]
[ 0, 0, 0, 0, 0, 0, 0, 0 ]
[ 1, 0, 0, 0, 0, 0, 0, 0 ]
[ 0, 0, 0, 0, 0, 0, 0, 0 ]
[ 0, 0, 0, 0, 0, 0, 0, 0 ]
[ 0, 0, 0, 0, 0, 10, 0, 0 ]
[ 0, 83, 42, 0, 0, 0, 0, 0 ]
[ 0, 0, 147, 50, 0, 0, 0, 0 ]
[ 0, 0, 21, 15, 0, 29, 12, 0 ]
[ 0, 0, 0, 0, 0, 0, 0, 0 ]
[ 6, 0, 0, 0, 0, 0, 0, 0 ]
[ 0, 0, 0, 0, 0, 0, 0, 0 ]
[ 0, 0, 0, 0, 0, 0, 0, 0 ]
[ 0, 0, 0, 0, 0, 0, 0, 0 ]
[ 0, 0, 0, 0, 0, 0, 0, 0 ]
[ 0, 0, 0, 0, 0, 0, 0, 0 ]
[ 0, 0, 0, 0, 0, 0, 0, 0 ]
[ 0, 0, 0, 0, 0, 0, 0, 4 ]
[ 35, 21, 14, 6, 4, 2, 4, 16 ]
