[ 20237, -8079, 14341, -7135, -13707, -24149, -34709, -24159 ]
[ 39570, 18720, 59418, 6681, -15742, -42422, -62415, -41474 ]
[ 62407, 79119, 79745, -9617, -58281, -76930, -63221, -36102 ]
[ 93035, 113637, 127403, -5304, -72295, -71794, -79808, -68915 ]
[ 62890, 38715, 153347, 142539, 21822, 27754, -69439, -112785 ]
[ 66131, -46061, 47670, 110004, 39531, 48177, -101662, -154308 ]
[ 88668, -35619, -49533, 14670, -151, 4665, -76712, -136371 ]
[ 68529, 1843, -53324, -38104, -40779, -32743, -62445, -84741 ]
[ 2309, 29997, 51998, 29517, 23351, 16649, 490, 11367 ]
[ 17948, 33031, 46756, 20263, 8669, 11959, 647, 29862 ]
[ 17178, 37322, 67206, 35756, 16655, 12192, 1307, 23962 ]
[ 41340, 38427, 86776, 60112, 39424, 55075, 37450, 36904 ]
[ 75816, 76844, 136071, 109629, 76674, 87572, 55747, 45433 ]
[ 50710, 57288, 117989, 60959, 51535, 36405, 3638, 31328 ]
[ -7484, -17806, -1488, -22536, -5941, -22079, -25951, 41788 ]
[ 2878, 4933, 11904, 9116, 12410, 12656, 5942, 42567 ]
[ -18217, -27029, -9683, 20735, 21904, -739, 3657, -21064 ]
[ -33367, -47347, -14113, 32845, 23739, -15508, -773, -25208 ]
[ -35359, -98514, -60402, 4290, 30581, 5755, 23948, -20320 ]
[ -37709, -120732, -162154, -64753, -14486, 13650, 47350, -5824 ]
[ -19647, -52683, -145245, -90950, -75346, -30205, -9686, -26271 ]
[ 26963, 38031, 3523, 19852, -38564, -5292, -6742, -32803 ]
[ -18205, 32824, 76640, 88994, 72545, 84923, 46363, -22366 ]
[ 428, 49970, 53449, 52218, 55749, 66793, 29973, -23801 ]
[ -3884, 56231, 52702, 44123, 58432, 66921, 50076, 5608 ]
[ 13439, 41565, 45979, 53160, 59981, 59561, 61873, 14832 ]
[ 15087, 31919, 65622, 69196, 53886, 33511, 55415, 23651 ]
[ 21897, 101832, 180813, 114667, 84965, 79830, 87881, 40205 ]
[ 71897, 117166, 187906, 204657, 194712, 158249, 139512, 67513 ]
[ 79245, 38316, 48843, 92971, 161749, 145189, 162804, 109136 ]
[ 39718, 12414, 21117, 15589, 58383, 77641, 83489, 63564 ]
[ 30167, 33928, 43613, 33438, 30430, 29214, 28459, 34266 ]
[ -4905, -29155, -31438, 24844, 31803, 11982, 20026, 23337 ]
[ 1281, -31070, -7475, 89828, 78166, 44306, 33725, 29481 ]
[ 3584, -44592, 26960, 140903, 111569, 59923, 39854, 37800 ]
[ -6541, -61957, -32119, 108228, 130180, 81508, 78546, 58409 ]
[ 14007, -27048, -104088, 14697, 76403, 55121, 108645, 73996 ]
[ -5855, 11680, -58447, 1710, 52918, 55739, 91922, 76114 ]
[ -41186, 15575, 29176, 27909, 39763, 39493, 60521, 34901 ]
[ -44565, 27802, 47087, 40556, 39301, 52785, 54566, 18896 ]
[ -26644, -43819, 26425, 42290, 22015, -851, 8750, -12367 ]
[ -26887, -26013, 38141, 37652, 12102, -14406, -10374, -14244 ]
[ -12, 9590, 79571, 88627, 66585, 28351, -2131, -10635 ]
[ -22558, -85748, 35739, 69993, 40637, 40326, 24279, 5569 ]
[ -14487, -96954, 1398, 28923, 23785, 44930, 16884, -2481 ]
[ 29651, 5165, 44561, 48378, 15851, 37362, 26747, -6168 ]
[ 7011, 3247, 1857, 16770, 9952, 12867, -16893, -14385 ]
[ 23091, 41110, 22900, 20599, 26566, 17657, -22192, -12692 ]
[ -21903, -39105, -41778, -36225, -33301, -26875, -44412, -9818 ]
[ -43871, -91146, -54217, -25247, -19319, -8946, -22230, 10104 ]
[ -87944, -172480, -154483, -71123, -32812, -18197, -25582, 16747 ]
[ -74964, -176834, -149754, -76290, -76932, -43622, -35845, 5873 ]
[ -2005, -53818, -84202, -6937, -37157, -31231, -32764, 5813 ]
[ -33973, -59769, -123329, -77261, -33253, -50577, -2592, 20366 ]
[ -13253, 56958, 35153, -7150, 9423, 32787, 36858, 43427 ]
[ -19063, 33088, 46862, 32088, 24254, 8849, 3458, 25760 ]
[ 5962, -40220, -63327, -88144, -55259, -71411, -69502, -22701 ]
[ 30230, -6440, -27577, -31739, 169, -45696, -59096, -4550 ]
[ 54302, -3143, -18903, -23601, 3925, -2918, -22385, 11554 ]
[ 40087, -11927, 15623, -29821, -68995, -30886, -45275, -18278 ]
[ 88488, -2660, 18640, 63174, 6984, -32346, -84422, -62078 ]
[ 53422, -49009, -112493, -16999, 1279, -16684, -41269, -65137 ]
[ 31756, -48638, -47549, -6927, -20415, -11234, -21420, -46881 ]
[ -23, 6666, 16418, 24724, 21839, 27544, 13878, -35854 ]
[ -37243, -43543, -41604, -28452, -10938, -9115, -25537, -20257 ]
[ -40345, -83346, -78622, -63073, -36809, -25900, -24611, -23074 ]
[ -27397, -52809, -78751, -104875, -83743, -60066, -49818, -28149 ]
[ -55604, -44505, -60485, -100704, -52338, -39686, -53454, -34902 ]
[ -6576, -42689, -34323, -59224, -48048, -55848, -77592, -44410 ]
[ -2510, -9072, 15779, -19322, 542, 23339, -9236, -10318 ]
[ 1780, 34118, 32102, 19425, 17912, 25648, 12244, 2178 ]
[ 10678, 19388, 11768, 10498, 8905, 9017, 16394, 13884 ]
[ -4058, -32897, 771, 22283, -11838, -14907, 14097, 8202 ]
[ -16427, -12588, 39583, 47735, 18729, 13276, 29952, 19420 ]
[ -12698, -18565, 6949, 42179, 28532, 36549, 30860, 8801 ]
[ 7216, -16299, -21761, 27618, -18276, -15964, -7189, -14705 ]
[ -20859, 7369, 18675, 29839, -20526, -27462, -12681, -18311 ]
[ -24117, -6586, -5014, 33686, -1761, 13165, 16623, -17962 ]
[ 37619, 72727, 25223, 44579, 30352, 3396, -26060, -18422 ]
[ 29949, 56193, 17590, 19989, 21332, 11590, 997, 16378 ]
[ -179, 17627, 27923, 43568, 42904, 30442, 10465, -2334 ]
[ 21934, 31790, 36037, 70016, 47850, 18234, -12086, -5640 ]
[ 26317, 2302, 23706, 85301, 45443, 5280, -680, 3152 ]
[ 36974, 55223, 37432, 60056, 47882, 33742, 48749, 24048 ]
[ 53444, 138804, 79801, 118589, 74828, 42769, 68014, 21448 ]
[ 30533, 73881, 45515, 77809, 85398, 39597, 60873, 24077 ]
[ 5503, -5934, 10081, 8059, 36563, 54097, 60661, 10023 ]
[ 10230, 23774, 13302, 13640, 23049, 49329, 59019, 33189 ]
[ 460, 29579, 45079, 62482, 37598, 23049, 18739, 2517 ]
[ 15665, 23195, 45648, 52457, 39465, 10139, 6025, 15744 ]
[ -6181, 13398, 54030, 62766, 27897, 4474, -8333, 5152 ]
[ -19791, -33898, 17401, 81584, 76163, 60584, 34596, 23981 ]
[ 16514, -4980, -33533, 37125, 71695, 75963, 63650, 33445 ]
[ 28646, 25150, -18893, -25702, 8787, 41200, 56988, 20158 ]
[ 7073, 28574, 18369, -1738, -19489, -19126, -17102, -13754 ]
[ -45161, -58897, -47098, -35477, -24754, -11387, 2870, -278 ]
[ -40979, -28144, -7085, -22805, -34568, -24166, -25365, -14454 ]
[ -56509, -41918, 10945, 23025, 24963, 42578, 5626, -26237 ]
[ -50218, 5932, 75577, 73918, 36334, 38287, -7830, -34456 ]
[ -33594, 20116, 104459, 126696, 49089, 18647, -36389, -41697 ]
[ -55570, -94213, -13122, 36797, 34603, 7222, -25677, -18348 ]
[ -14026, -9315, 49142, 87345, 109081, 110344, 78956, 39171 ]
[ 37288, 94253, 99722, 120710, 146928, 126289, 83393, 54581 ]
[ 43888, 66598, 85478, 89540, 93307, 88968, 75393, 61627 ]
[ -9643, 7024, -28351, -52350, -47666, -51335, -31639, -6715 ]
[ -2265, 21338, -6562, -3462, -9349, -9786, 13348, 11488 ]
[ 10002, 6507, -91900, -88962, -54259, -53602, -25140, -8631 ]
[ 1544, 88360, 60998, -67725, -69194, -77907, -48786, -9168 ]
[ 503, 54736, 165637, 82884, 53364, -37788, -78664, -17150 ]
[ -20485, -64887, -22349, -37492, 34932, 25754, -37065, -28774 ]
[ 48930, 28046, 31660, 10602, 39977, 46908, 18472, 12089 ]
[ 56359, 54941, 48062, 38410, 34690, 19674, 11993, 1082 ]
[ 17096, -12569, -28959, -60387, -65204, -47811, 1268, 15570 ]
[ 26155, -9489, -32417, -50233, -73188, -51429, -6646, 3060 ]
[ 29285, -36604, -57847, -31833, -21944, -24575, 9152, 13584 ]
[ 39938, 25858, -20734, -60924, -59256, -49484, 7948, 30247 ]
[ 17773, 90785, 128972, 42191, -13422, -72922, -39588, 10331 ]
[ -30587, -39064, -37679, -39515, -25427, -75976, -53428, 68 ]
[ -36206, -89168, -114660, -95740, -70405, -63633, -8344, 27775 ]
[ -274, -15691, -30413, -34312, -30460, -29920, -1408, 28517 ]
[ 215, 20277, 39746, 3439, 10973, 11327, 24432, -14047 ]
[ -14854, 23358, 46848, 49174, 89952, 90714, 79788, 2710 ]
[ -29894, 15018, -1482, 3627, 15725, 19379, 24476, -22391 ]
[ -539, 52964, 87005, 123004, 56203, 42299, 25306, -15070 ]
[ -22102, -42243, -42770, -20301, 38301, 59236, 38780, -12440 ]
[ 51418, -9013, -5534, -42004, 44133, 77459, 86985, 32380 ]
[ 86763, 101442, 130288, 120821, 134532, 109311, 110997, 62683 ]
[ 53728, 75880, 110994, 109108, 101991, 85986, 88775, 51993 ]
[ -6636, 5432, -32971, -37142, -40728, -44428, -39802, -13783 ]
[ -14022, -24767, -70031, -48407, -34242, -44671, -47321, -14745 ]
[ 3594, -24466, -89673, -56370, -44161, -77861, -72261, -22637 ]
[ 4097, 64965, -41671, -68768, -44970, -53536, -29597, -5161 ]
[ -24292, 67216, 25623, -2219, 10934, -34546, -49643, -11253 ]
[ -74216, -59131, -85050, -75003, -37114, -66008, -79277, -34646 ]
[ -61909, -61370, -36507, -50401, -25164, 4489, 6830, -11097 ]
[ -2647, 19005, 50290, 42764, 44687, 74402, 53145, -9677 ]
[ 15117, 32603, 28394, 49794, 34599, 31929, 15766, 15068 ]
[ 5929, 64983, 44863, 55784, 28995, 21318, 6510, 17299 ]
[ -520, 44965, 35305, 80794, 80086, 43084, 16566, 23086 ]
[ 22431, 64663, 16226, 71589, 57010, 56182, 55318, 39433 ]
[ 14763, 100181, 67188, 68118, 59893, 16722, 8863, 25686 ]
[ -31100, 47725, 18157, 16412, 76642, 51805, 30413, 16122 ]
[ -18719, 33270, 40724, 50437, 64744, 62694, 33717, 3481 ]
[ 2722, 48803, 49814, 41922, 44498, 33950, 18099, -1457 ]
[ -68048, -125083, -90505, -74187, -60966, -35772, -42589, -23223 ]
[ -117185, -205144, -175718, -125443, -96334, -47378, -50744, -12743 ]
[ -139658, -207429, -215597, -202666, -135123, -61319, -55565, -23539 ]
[ -179478, -277034, -250588, -147303, -128922, -79827, -86536, -39668 ]
[ -189332, -292662, -309204, -215922, -214033, -142447, -123034, -59355 ]
[ -169135, -191329, -195094, -122308, -159210, -149032, -89530, -37156 ]
[ -164018, -125958, -102108, -91831, -117681, -81900, -39529, -18197 ]
[ -124394, -44922, -25596, -27830, -32396, -57216, -79711, -21243 ]
[ 24217, -5099, 28535, 28137, 25525, 29633, 28484, 20444 ]
[ 26657, -9339, 11266, 12084, 31117, 37174, 25801, 15930 ]
[ 9588, -51859, -60311, -23858, 14816, 31906, 15430, -379 ]
[ 73783, 5270, -8799, -20381, -18433, 3667, -8015, -14539 ]
[ 69877, 69919, 23180, 605, 35630, 21261, -428, -5177 ]
[ 40617, 49342, 57023, 25294, 71234, 24774, 12237, 8365 ]
[ 42946, 31730, 14508, 8463, 16738, 6718, -10109, -14466 ]
[ 7759, 10823, 25306, 20776, 27094, 28649, 40204, 21837 ]
[ 21219, 43529, 12925, -4038, -2613, -16311, -22843, 11993 ]
[ -1259, 8778, -34705, -40839, -13326, -38946, -53505, 10324 ]
[ -12140, -12212, -75595, -93765, -57036, -65783, -64919, 8676 ]
[ 12020, 32865, -35221, -83821, -95522, -69413, -59617, -3172 ]
[ -2524, -30020, -87476, -67307, -72194, -55536, -81197, -15876 ]
[ 2507, 13523, -23140, -51770, -45759, -48780, -103144, -74211 ]
[ -13545, -18477, 9087, 637, -24168, -39226, -83414, -67252 ]
[ -54947, -68678, -31830, -25703, -29073, -33410, -50413, -67022 ]
[ -64541, -42785, -52396, -73747, -86516, -96770, -68322, -50606 ]
[ -66917, -56135, -74665, -71184, -25480, -26116, -24938, -23567 ]
[ -32749, -33208, -91123, -137629, -91757, -31330, -26823, -24560 ]
[ -42571, -36545, 20047, -45088, -98277, -108362, -134201, -72651 ]
[ -44947, -42591, 38826, 27175, -46723, -58547, -91882, -79469 ]
[ -48633, -76877, -31120, -28368, -25737, -54984, -70144, -63334 ]
[ -26655, -34210, -52056, -32788, -32234, -25748, -44865, -28774 ]
[ -2733, -110, -1518, -2800, -5504, 2995, -4747, 29378 ]
[ -15855, 1836, 23898, 54171, 53800, 47229, 26027, -133 ]
[ 276, 7341, -1189, 15521, 2581, -6427, -2961, -7462 ]
[ 22396, 37177, 33140, 21367, -14851, -36131, -12137, -4593 ]
[ -17255, 47147, 40652, 24597, 46546, 21266, 25182, 19894 ]
[ 20320, 57182, 71395, 11483, 6307, -8655, 3851, 8812 ]
[ 56713, 89399, 100746, 52384, 50527, 29428, -2932, 19826 ]
[ 9508, 41659, 69183, 47187, 41980, 30720, -12852, -5097 ]
[ 15055, 18030, 13115, 11237, 6959, -12712, -25872, -5767 ]
[ 33920, 15522, -2710, -22211, -45278, -20632, 2309, 4504 ]
[ 47809, 5654, -18992, -19265, -30973, 2856, 22243, 10878 ]
[ 48719, 45850, -11954, -34560, -44951, -3873, 12373, -1739 ]
[ 81960, 69214, 55003, 13645, -3450, -18378, -20544, -8133 ]
[ 58349, 22650, 43069, 24580, 21060, -25778, -30055, -12349 ]
[ -8269, -12275, 10409, -16685, 29269, -6540, -3542, 11178 ]
[ -13341, -33078, -31411, -31681, -7977, -30632, -19143, 14168 ]
[ -29440, -38628, -28783, -21398, -18739, -23472, 8421, 32889 ]
[ -19501, 9593, -20372, -39264, -33540, -27862, -22298, 87 ]
[ -18354, 43762, 3074, -371, -9002, -21305, -20522, -329 ]
[ -1488, 45469, 47035, 45805, 42145, 3424, -22116, 1941 ]
[ -3894, 36240, 26895, 34544, 48247, 13140, 3571, 19775 ]
[ -17987, 24271, 17791, -3609, 24385, -22355, -34680, -1673 ]
[ -57985, -36273, -66462, -75420, -11349, -24673, -43483, -5556 ]
[ 14460, 40259, 44915, 36773, 52822, 46686, 25752, 19944 ]
[ 28713, 65682, 77518, 65292, 57485, 55491, 36525, -7844 ]
[ -37678, -45264, -40837, -35569, -36096, -25209, -31587, -26278 ]
[ -52046, -66457, -86177, -82558, -62407, -52766, -58060, -41619 ]
[ -56930, -82607, -86816, -70084, -62955, -61818, -65264, -42534 ]
[ -66766, -106753, -123844, -86381, -59486, -45187, -47315, -37035 ]
[ -62220, -79566, -130101, -124274, -95142, -101264, -83907, -49140 ]
[ -64279, -77637, -106842, -91189, -89607, -89785, -80147, -47459 ]
[ -60090, -67586, -57812, -50628, -65129, -58549, -64357, -40757 ]
[ -30797, -36285, -34579, -32041, -30099, -36069, -40078, -32520 ]
[ -13689, -12371, -15757, -8846, -14553, -12413, 9136, -11154 ]
[ -2511, 7349, 13396, 29165, 35296, 35533, 42170, -19434 ]
[ 24912, 46232, 16224, 782, 13775, 33665, 55788, 326 ]
[ 4413, 37612, 35751, -9560, -37732, -34616, -9798, -28914 ]
[ -36420, -25231, 32736, 32403, -12316, 20280, 21341, -19904 ]
[ 38414, 23556, 35886, 88652, 57690, 52995, 64298, 21713 ]
[ 47346, 37603, 17552, 25500, 41785, 48121, 58548, 27116 ]
[ 73590, 68267, 45499, 44481, 50704, 59616, 49816, 32808 ]
[ -18414, -9495, 39336, 82178, 62564, 46612, 29369, 1170 ]
[ -45729, -72721, 133, 67782, 34581, 13284, -10904, -8388 ]
[ -63494, -99725, -14726, 70560, 54771, 25219, -5677, -1882 ]
[ -63129, -115019, -97401, 39575, 36324, 20671, 17831, 6856 ]
[ -37224, -86862, -147978, -69410, -83467, -49499, -12770, -3243 ]
[ 43967, 72515, 70435, 82299, 44599, 71409, 61191, 39492 ]
[ 30990, 79049, 82975, 84906, 73516, 87974, 25769, 10744 ]
[ -4216, 18035, -13210, -10831, -11567, -26817, -47473, 5940 ]
[ 13830, 16143, -11233, -14664, -526, 629, 2282, 19060 ]
[ 26577, 34527, -15848, -28773, -10673, 3079, 11704, 19860 ]
[ 28399, 29375, -41079, -47620, 25062, 48594, 43523, 31356 ]
[ 46634, 77596, 19283, -80885, -15464, 24095, 30583, 25817 ]
[ 63178, 128271, 150209, 37194, 27152, 4242, -29253, 4187 ]
[ 9165, 234, 66970, 29167, 37405, 37816, -4783, -9751 ]
[ 26226, -3070, 3836, 11049, 23840, 39134, 40871, 31115 ]
[ 32655, 35824, 36864, 26025, 22800, 12203, 19394, 37805 ]
[ 11599, -5264, 36450, 48309, 17615, 636, 21041, 7178 ]
[ 26416, 18022, 2884, -13427, -41531, -28462, 9229, 1930 ]
[ 13788, 27605, 61196, 40819, -2712, 11715, 16497, -6984 ]
[ -24837, -96668, -23545, 33450, 65078, 68785, 38593, 13827 ]
[ 42467, -9103, 8980, -39191, -26038, -16981, -5967, -13630 ]
[ 888, 16812, 13224, -22648, -39744, -64653, -26945, -1434 ]
[ -35110, -10588, -1911, -16078, -3972, -16397, -5609, 11642 ]
[ -24248, -31184, -18122, -13905, -16252, -41314, -30699, 15299 ]
[ -3374, -6574, -20035, -10196, 4328, -9102, -23784, -21820 ]
[ 17508, 1489, -15217, 30731, 30722, 6417, -6172, -4831 ]
[ 19678, 25607, 46197, 65775, 61984, 40737, 19496, 6868 ]
[ -25510, -11974, 79287, 77050, 71542, 36024, 11573, 8787 ]
[ 15535, -15101, 14576, 113030, 85986, 51467, 46605, 22402 ]
[ 42976, -21231, -5950, 63389, 51765, 49711, 77787, 33773 ]
[ 22259, -26484, -35642, -20416, -11556, 24922, 35634, 22154 ]
[ 30597, 54427, 39968, 40167, 32255, 39299, 31450, 14810 ]
[ -1619, 8365, 5431, -3547, 2003, -3671, -23684, -11668 ]
[ -14829, 7414, 46868, 22074, 26315, 12232, -28171, -15176 ]
[ -15792, -7430, 33811, 17776, 34615, 21221, -5884, -1714 ]
[ -39215, -34304, -55662, -63651, -49477, -37153, -48959, -30250 ]
[ -42111, -53446, -80951, -86561, -93204, -41757, -50419, -41881 ]
[ 11862, -40628, -40909, -1771, -36180, -14167, -57836, -55691 ]
[ 30077, -10975, -7515, 32095, 2795, 288, -17979, -37495 ]
[ 32884, 10976, -8578, 559, -5965, -6061, -4357, -12403 ]
[ 9457, -19739, -22458, -35297, -42766, -46601, -28141, -9650 ]
[ 18352, -23609, -4005, -41534, -75193, -70758, -44106, -20217 ]
[ 24453, -7560, 28999, -18672, -49351, -38032, -19352, -8251 ]
[ 9867, -39327, -15850, -3035, -28145, -23607, -35629, -24429 ]
[ 5560, -37642, 20523, 45680, -2546, -34592, -71516, -55627 ]
[ -20066, -81657, -76294, -44043, -36129, -51689, -65222, -49627 ]
[ 3767, -37985, -57949, -52154, -40099, -24724, -28001, -33806 ]
[ 17404, -18757, -34826, -33108, -30697, -20171, -20198, -21800 ]
[ 10208, 29519, -37163, -78100, -59483, -19024, -10835, 4252 ]
[ -19012, -37123, -114524, -191630, -154750, -106502, -63369, -11291 ]
[ -11899, -29512, -132203, -217416, -171242, -116877, -58818, -9180 ]
[ 10510, 45357, -94705, -186193, -154504, -146058, -98602, -29294 ]
[ -20672, 31892, -56929, -168840, -233016, -207253, -144649, -58131 ]
[ -100692, -71543, -80075, -131479, -229565, -252463, -189341, -80079 ]
[ -144892, -186165, -209503, -195631, -241652, -277590, -207046, -112810 ]
[ -110293, -191367, -183355, -171400, -163395, -143852, -99585, -64070 ]
[ -2420, 5269, 9992, 20600, 12715, 37434, 41676, 28673 ]
[ -6331, 14491, 42389, 77306, 70449, 85357, 61157, 28023 ]
[ 48, 6442, 18210, 74398, 92903, 101870, 68621, 36036 ]
[ 9033, 36554, 79396, 65689, 32798, 30574, 42839, 34678 ]
[ -20252, 49196, 120037, 108862, 112551, 59877, 58381, 60881 ]
[ 14974, 72266, 87835, 109158, 144957, 107148, 99241, 71298 ]
[ 53845, 95731, 100954, 104244, 117819, 82793, 58574, 59860 ]
[ 32664, 52826, 66618, 61077, 62307, 56643, 56615, 50966 ]
[ 3305, 19915, -6923, -24190, -15858, -676, 4841, -151 ]
[ -17346, -18551, -46838, -30432, -2668, 19846, 21502, 5672 ]
[ -26755, -47513, -121301, -124520, -83333, -41621, -19339, -4931 ]
[ -22336, -2511, -14088, -95339, -91135, -59911, -46350, -4898 ]
[ -19028, -31746, 43604, -20804, 4108, -32077, -53758, -17778 ]
[ -33052, -69623, -63178, -88050, -34535, -11118, -12398, 9931 ]
[ 27885, 34004, 37020, 18890, -4072, -12360, 4150, 18296 ]
[ 5782, 18757, 26467, 22584, 21911, 21733, 23963, 44150 ]
[ 25865, 27235, 35535, 51700, 58642, 59981, 64874, 37034 ]
[ -2860, 21864, 50828, 46753, 33461, 33216, 34193, 13162 ]
[ -9081, 30415, 51748, 26818, 17377, 36965, 38326, 14704 ]
[ -7650, -39643, -35324, -18231, 12421, 37482, 32041, 9162 ]
[ -1485, 1061, 701, -27216, 45462, 75206, 68615, 28369 ]
[ 7693, 62453, 63926, 9610, 22305, 17745, 51523, 47456 ]
[ 17096, 80383, 82463, 53879, 8246, -32330, -10494, 9165 ]
[ -82593, -80976, -63182, -52700, -43767, -38604, -41129, -24233 ]
[ -27235, -26222, -50986, -29156, -15773, 22434, 23730, 12031 ]
[ -24232, -56511, -103921, -48798, -24270, 30511, 40147, 12383 ]
[ -17675, -59271, -155819, -111249, -17537, 23948, 14375, 909 ]
[ -54529, -82557, -150390, -156801, -42953, -23733, 4790, 18166 ]
[ -3833, -21658, -116041, -136880, -43608, -61708, 9002, 50840 ]
[ -72247, 24892, -97986, -115007, -49439, -90639, -24233, 43830 ]
[ -90679, -12061, -35024, -45271, -31441, -68787, -20499, 33005 ]
[ -83402, -40254, -17140, -21722, -15834, -11959, 19106, 37712 ]
[ -66469, -29924, -74056, -73212, -67705, -84525, -73263, -73321 ]
[ -179452, -174547, -231845, -202213, -204804, -204569, -149534, -127236 ]
[ -199490, -226288, -292212, -287776, -255378, -211967, -154122, -130803 ]
[ -210025, -261627, -265185, -258632, -211541, -198559, -208767, -148846 ]
[ -230079, -368283, -342236, -320936, -283502, -299643, -303211, -180395 ]
[ -210119, -340239, -307318, -223405, -199263, -218313, -211690, -155981 ]
[ -195540, -269365, -229688, -203037, -165327, -182096, -224740, -197640 ]
[ -149370, -144324, -125533, -119904, -99284, -107932, -163899, -89692 ]
[ -3011, -4445, -10995, -17087, -8363, -10391, -10219, -2156 ]
[ -15728, -7371, 20831, 15960, 38425, 20761, -5319, -3084 ]
[ -32683, 10206, 83768, 36645, 8309, -14136, -25270, -8742 ]
[ -73322, -60692, -30423, 34793, 19071, -17458, -34433, -15464 ]
[ -115476, -136886, -112756, -84704, -102891, -35813, -34783, -21711 ]
[ -25821, -90022, -39819, -40798, -85099, -37048, -36462, -19138 ]
[ 33247, 24022, 57546, 74801, 39058, 51607, 29853, -7224 ]
[ 69180, 44312, 39728, 43782, 38218, 32023, -1274, -27986 ]
[ -27478, -34355, -48264, -46336, -41395, -34385, -33125, -26921 ]
[ -48634, -66511, -72803, -63542, -63460, -59271, -48991, -30696 ]
[ -40343, -63746, -89088, -74109, -64882, -46799, -37837, -29537 ]
[ -39321, -56620, -109684, -107900, -83014, -63372, -61373, -44088 ]
[ -45741, -63901, -87284, -94450, -87482, -78959, -69683, -42676 ]
[ -69221, -89014, -92484, -76912, -57399, -78604, -77538, -50708 ]
[ -51280, -83967, -93664, -85537, -78345, -80809, -76305, -52690 ]
[ -41192, -42793, -47179, -42424, -43498, -41595, -37528, -36014 ]
[ -1395, 1976, 19643, -1095, -878, -5958, -7166, -6012 ]
[ 18746, 26877, 7482, -7934, -6771, 2284, 2425, 2169 ]
[ 21940, 4626, 4138, -3383, -8499, -11746, -18511, -7377 ]
[ 7819, -18406, 53524, 6435, 13525, 2442, -22951, 2277 ]
[ 15384, 1465, 83569, 77720, 90579, 56559, 3633, 14410 ]
[ 38148, 9817, 16603, 18888, 56134, 41517, 22675, 29787 ]
[ 49864, 31250, 5455, 4591, 15714, 27135, 31839, 43978 ]
[ 25935, 20394, 9531, 2620, 3768, 16394, 23676, 30485 ]
[ -54101, -75904, -86001, -96869, -64388, -37245, -46166, -38848 ]
[ -60009, -120032, -143536, -129561, -85123, -60311, -69826, -52298 ]
[ -73720, -145476, -156268, -154498, -128022, -99614, -87589, -50639 ]
[ -96633, -140991, -155752, -157644, -102139, -95261, -90415, -54134 ]
[ -74475, -105018, -148448, -170500, -137344, -134278, -101295, -60178 ]
[ -92163, -147902, -166938, -117388, -114656, -88748, -75186, -43118 ]
[ -103949, -151956, -141369, -134702, -130222, -112342, -91663, -63446 ]
[ -69100, -97779, -81278, -74745, -72254, -53612, -22096, -45142 ]
[ 18289, 25020, 15520, 5171, 6234, 6575, 10724, -7180 ]
[ 786, -29499, -53562, -68148, -18506, -14797, -11874, -13176 ]
[ 18106, 1057, -43137, -60308, -59335, -62095, -40028, -28021 ]
[ 4707, 27688, -42888, -27699, -12827, -4288, -8362, -17073 ]
[ -26783, -31414, -140882, -194774, -126848, -83611, -69283, -45898 ]
[ -13440, -40014, -44810, -104843, -98571, -75829, -40683, -21271 ]
[ 11002, 3378, 25399, 28069, 10204, 35625, 33266, -6512 ]
[ 56272, 89357, 97656, 91917, 88079, 84009, 51371, 14897 ]
[ -55824, -92680, -57824, -49062, -59381, -56248, -37836, -51783 ]
[ -63100, -127179, -118635, -112881, -77000, -62238, -49776, -65658 ]
[ -73058, -200536, -184042, -151784, -104658, -77556, -67331, -80452 ]
[ -95276, -227011, -263163, -204835, -169441, -150850, -122400, -89318 ]
[ -71868, -135827, -189752, -158355, -170728, -152243, -108340, -78070 ]
[ -48348, -53418, -58769, -23665, -53544, -110035, -102717, -70891 ]
[ -79627, -112388, -106052, -97002, -99322, -129580, -119061, -78912 ]
[ -47685, -59529, -58995, -53640, -51999, -37821, -17207, -557 ]
[ -66680, -80382, -45991, -55112, -49211, -26913, -44148, -26339 ]
[ -73876, -106253, -106486, -103509, -78676, -57866, -65849, -27761 ]
[ -65197, -88455, -86216, -116587, -128512, -124178, -113661, -55520 ]
[ -77158, -90381, -122818, -83287, -135374, -101372, -94451, -43715 ]
[ -38175, 17300, -36658, -19422, -76353, -111207, -141252, -69325 ]
[ -70388, -49806, -96837, -73683, -87041, -105448, -97400, -46513 ]
[ -53206, -24997, -56652, -42789, -35756, -26302, -10857, -5439 ]
[ 11531, 61557, 17697, 14317, 8423, -4295, -13379, -6511 ]
[ -35727, -83381, -45166, -1206, -817, 5685, 4175, 4040 ]
[ -37729, -98131, -27001, 35733, 13634, 10234, 12888, 10396 ]
[ -53201, -128424, -39929, 57949, 65187, 58046, 40677, 25449 ]
[ -57296, -180825, -159367, -10489, 9759, 7223, 17231, 15413 ]
[ -46386, -125745, -195766, -134241, -90461, -63346, -6533, 10587 ]
[ -48759, -31043, -20683, -11793, -5950, -24373, -423, 12182 ]
[ -7002, 35321, 47109, 47862, 58653, 43090, -15226, -5425 ]
[ 46699, 90969, 88470, 77490, 70477, 46063, 1698, 6818 ]
[ -37125, -12618, 22952, 53119, 58025, 57505, 19627, -4019 ]
[ -27958, -39654, 14097, 40536, 29656, 34777, 29383, 1400 ]
[ -28417, -27897, 38670, 52729, 4061, 6742, 28589, 7777 ]
[ -36574, -4757, 53879, 103508, 85046, 64394, 60617, 19336 ]
[ 41147, 42793, 56183, 102743, 93784, 68087, 86688, 39373 ]
[ 56109, 79752, 96566, 111796, 97139, 101620, 123270, 76988 ]
[ -18904, 14481, 11972, 4557, 31893, 36568, 36325, 35870 ]
[ 1085, 15773, 15132, 13346, 23308, 29334, 25123, 36464 ]
[ -1963, -38654, -34926, -49716, -61930, -49992, -9085, 17568 ]
[ -25148, -48233, -13884, -27315, -39078, -11663, 4150, 2300 ]
[ -14306, -16647, 30224, 21602, 19226, 53897, 38786, 18061 ]
[ -13152, -47638, 37664, -64, -14046, -18454, -30322, -13983 ]
[ -77319, -95111, -15272, -23159, -57786, -48826, -29187, -26339 ]
[ -78815, -104221, -28841, 13012, -37300, -1533, -2814, -14432 ]
[ -3943, -41661, -21896, -3087, -7889, 3746, -15741, -562 ]
[ 41914, 8259, 3569, 10330, 10567, 8878, -3261, 3785 ]
[ -27947, -22024, -37229, -35833, -33848, -35365, -36147, -16598 ]
[ -34368, -54031, -61932, -55209, -45074, -49878, -48394, -19674 ]
[ -50381, -82313, -85932, -69361, -55684, -48405, -46219, -20414 ]
[ -67279, -99921, -98374, -93376, -66690, -54304, -50872, -25221 ]
[ -57485, -107925, -137792, -110530, -78379, -69786, -55947, -22213 ]
[ -47011, -79873, -104022, -98887, -94288, -91556, -68714, -34105 ]
[ -59727, -75880, -72241, -73429, -88861, -82764, -72622, -42351 ]
[ -49706, -54458, -47370, -44648, -45493, -42410, -45694, -29487 ]
[ -21822, -53515, -61204, -59795, -54789, -35814, -26683, -10216 ]
[ -54206, -100498, -88312, -89778, -73515, -55731, -41202, -14644 ]
[ -63732, -111848, -120945, -112770, -92767, -65063, -49578, -16070 ]
[ -79716, -123847, -144005, -140322, -115947, -77662, -61259, -23395 ]
[ -98289, -125790, -166960, -173557, -142473, -112423, -84226, -26434 ]
[ -106764, -162944, -150525, -160441, -154999, -143187, -109827, -46670 ]
[ -103351, -137329, -118717, -126895, -141865, -129273, -119861, -55937 ]
[ -69207, -84398, -64951, -59808, -59505, -62221, -65205, -37652 ]
[ -18922, -34218, -44285, -43230, -43583, -31005, -28804, -12750 ]
[ -27405, -41508, -55563, -64215, -56492, -42890, -43549, -20843 ]
[ -37259, -56803, -54988, -48868, -44846, -32431, -45898, -26013 ]
[ -31983, -58708, -84392, -64327, -53384, -39609, -40778, -20971 ]
[ -36258, -50616, -66026, -69247, -54611, -49773, -53207, -30936 ]
[ -46283, -58629, -90368, -67042, -63903, -74057, -65709, -33429 ]
[ -39572, -49747, -66501, -62488, -60733, -65126, -69013, -36567 ]
[ -25605, -35835, -29713, -26564, -24486, -25317, -23713, -24161 ]
[ -16216, 7734, -2800, -27735, -15850, -15180, -27682, -15572 ]
[ -49198, -21059, 515, -10385, -1343, -981, -34846, -21955 ]
[ -17637, 9916, 15627, 8757, 18569, 15051, -19570, -22758 ]
[ -10437, 83703, 103559, 27341, -6465, -14503, -29076, -26908 ]
[ -63267, -21415, 41589, 44858, 23480, 3957, -48686, -30769 ]
[ -69981, -106543, -68721, -17548, 32846, 21754, -81, -5071 ]
[ -19502, -20189, -2130, 24839, 54780, 57599, 44972, 16450 ]
[ -25357, -41100, -21895, -12560, -8553, -7414, -16624, -7890 ]
[ 6268, 5931, -6022, 12391, 13297, 4109, 1720, 1884 ]
[ 8766, -45328, -80713, -12586, -685, -6100, 3654, 17208 ]
[ -63, -79252, -150317, -71364, -35802, -40780, -9093, 14898 ]
[ 31096, -17633, -127645, -87293, -27773, -32420, 16325, 24409 ]
[ 70703, 125924, -65605, -85907, -17668, -23253, 15155, 17332 ]
[ 16180, 88570, 37964, 7523, 26115, -25530, -23243, -22649 ]
[ -36332, 1991, 36664, 25646, 45755, 63602, 31531, -36658 ]
[ -21497, 30335, 40295, 29102, 29535, 33724, 4533, -61631 ]
[ 5729, 22332, 36277, -10567, -26386, -11718, -8857, -9166 ]
[ -26914, -22274, -9655, -63888, -43471, 682, -15437, -16209 ]
[ -78306, -119951, -61641, -51109, -73767, -64659, -82984, -57517 ]
[ -5649, -22921, 44744, -21300, -67745, -53004, -61110, -51969 ]
[ -31567, -35012, -2244, 54227, 6393, 11116, -12821, -21192 ]
[ -57930, -107546, -112802, -22805, -30360, -83692, -74021, -21999 ]
[ -58499, -136527, -134782, -92990, -83036, -61172, -25683, 16029 ]
[ -80637, -92094, -65781, -58795, -53799, -22731, -6283, 19017 ]
[ -20467, -35257, -26560, -13418, 1010, 2123, -12763, 6333 ]
[ -32974, -77420, -60762, -20122, -19024, -24050, -28037, -773 ]
[ -16082, -92773, -61537, -4891, -11474, -32324, -24840, 3607 ]
[ -23366, -39720, -33189, -30891, -28590, -44279, -11330, 6626 ]
[ -12567, 22036, -50696, -20681, -8234, -38956, -5000, 5785 ]
[ -39514, 17556, -37490, -12965, 18552, -2763, 12874, 7526 ]
[ -44353, -35969, 3033, 8556, 3514, -6012, -189, -20446 ]
[ -36985, -28493, -18005, -18075, -15418, -9307, -23958, -46751 ]
[ 12054, 2306, -14914, -32800, -33531, -32714, -11952, 1309 ]
[ 22182, 70081, 44050, 26935, 16993, 10505, 11965, 4055 ]
[ 44888, 148668, 143798, 72245, 41801, 37470, 34980, 14736 ]
[ 6352, 111151, 154941, 128168, 52189, 10338, -5314, -9311 ]
[ -76556, -40198, 16691, 34241, -8583, 11261, 14476, -5736 ]
[ 10920, -21948, 14023, 56443, -4492, 26225, 29877, 25454 ]
[ 74176, 46361, 33446, 31311, 33830, 60550, 50691, 46892 ]
[ 110946, 116737, 78145, 71826, 69531, 65521, 56732, 34778 ]
[ 25203, 29832, 34408, 20453, -5046, -11697, -552, -7829 ]
[ 55007, 17711, -25083, -30070, -41555, -37556, 740, 9987 ]
[ 59412, 36259, 13768, -8981, -30075, -38248, -15911, -5216 ]
[ 37226, 43269, 39239, 43202, 41239, 39434, 23874, 9933 ]
[ 107976, 90589, 58528, 59312, 51730, 32941, 18568, 1995 ]
[ 38103, 16938, -54460, -66406, -16029, -17816, -8533, 1639 ]
[ -10974, -24598, -40202, -61496, -52048, -26691, -3185, 14401 ]
[ -55529, -52918, -47637, -48719, -46850, -46688, -28525, 4194 ]
[ -9174, -34582, -10027, 50182, 54321, 30957, 16580, 3851 ]
[ 4629, -59801, -46970, 41048, 32123, -8076, -14407, -7612 ]
[ -1373, -68072, -61405, 35217, 26034, -12790, -14696, -3320 ]
[ -35950, -130335, -127191, -44027, 20618, -1431, 17978, 9520 ]
[ 20923, -70836, -142257, -67064, -31215, -17470, 17209, 1587 ]
[ 97926, 126499, 57828, 82000, 51428, 48252, 46720, 13458 ]
[ 41329, 69899, 56692, 55986, 40366, 40286, -1344, -35153 ]
[ 41258, 55422, 27893, 23567, 16693, -3950, -33657, -43206 ]
[ 7425, 28677, 20882, 22476, 9622, 12659, 18240, 23694 ]
[ -21366, 17133, 19812, 36532, 18929, 8708, -4818, 10673 ]
[ -12851, 39090, 86540, 112006, 57961, 37065, 15927, 21958 ]
[ -24705, -995, 84181, 132604, 91039, 49671, 26256, 16356 ]
[ -67197, -57756, -41833, 2938, 1242, -7498, 15619, 12459 ]
[ -38842, -36464, -54109, -7814, 25925, 21058, 50019, 42667 ]
[ -19564, 2807, 9705, 41555, 29611, 18022, 19210, 19766 ]
[ -44295, -30435, -22238, -13790, -6359, -3883, -6274, -3135 ]
[ 11074, 32127, -7647, 7322, 19476, 43738, 36427, 31942 ]
[ -10334, -13313, -88051, -47605, -16838, 24287, 33557, 37777 ]
[ -9938, -25322, -85625, -82961, -30892, 8243, 16728, 33391 ]
[ -25090, -56407, -103810, -100011, -7458, -1475, 27352, 58355 ]
[ -8996, -25101, -86883, -158329, -30037, -51997, 30984, 88517 ]
[ -85813, -5040, -52816, -157876, -69211, -150023, -57012, 73964 ]
[ -108817, -74247, -6997, -61055, -46865, -94886, -39787, 63634 ]
[ -104956, -122855, -49974, -53821, -50600, -65380, -56087, 24410 ]
[ 8943, 7501, 26591, 35936, 22207, 24406, 22931, 16672 ]
[ -6537, -5360, -7328, -7868, -29797, -14540, 699, 4381 ]
[ -9542, -3907, 262, 22067, -438, -11153, -5815, 1408 ]
[ 7548, 20081, 22453, 31274, 49440, 37155, 37982, 24921 ]
[ 9890, 36451, 63874, 26194, 37620, 2632, 6635, 15884 ]
[ -33526, 25786, 56494, 53204, 67374, 35391, 14724, 15269 ]
[ -38071, -4840, 48676, 56836, 51544, 50069, 26830, 22521 ]
[ -33230, -27810, -6879, 2967, 5283, 9626, 7802, 6543 ]
[ -46438, -35531, -27532, -51445, -57109, -50800, -48962, -26913 ]
[ -42333, -71282, -61803, -49008, -20596, -5821, -15844, -29831 ]
[ -40183, -81235, -112477, -121940, -53795, 6546, 8410, -13262 ]
[ -50762, -64143, -24207, -120880, -144294, -107174, -98100, -61480 ]
[ -56899, -112878, -26186, -58376, -137725, -132877, -152630, -109973 ]
[ -725, -85344, -42904, -28734, -46488, -34505, -68484, -65493 ]
[ 36506, -4213, 14512, 24863, 31066, 20002, -23767, -42884 ]
[ 65528, 35965, 25795, 27509, 18794, 2143, -12367, 5244 ]
[ 2846, -10388, 3300, 8911, 17717, 30655, 28975, 5899 ]
[ -24513, -66303, -56154, -51494, -45053, -36845, -25977, -24294 ]
[ -56604, -45660, -36960, -42815, -48645, -39054, -27125, -28088 ]
[ -48323, -50344, -4144, 34726, 6161, -4626, -14891, -21178 ]
[ -65323, -139355, -142156, -59260, -35497, -19272, -20761, -15543 ]
[ -65427, -78797, -34292, -21680, -18611, 1284, 40305, 35877 ]
[ -67330, -45090, -42662, -47312, -51395, -49418, -17655, 4372 ]
[ -33189, -43060, -33214, -27679, -25763, -24672, -19118, -8751 ]
