[ 7065, -10936, -25878, -31270, -34661, -11431, 3592, 20167 ]
[ 1645, -3566, 8303, -25554, -24647, 9036, 24675, 20131 ]
[ 4156, 4603, -5529, -27012, -8770, 36994, 20367, 11701 ]
[ 18513, 14834, 3077, -62381, -63788, -48137, -38718, 9217 ]
[ -9044, 11842, 52717, -14927, -23364, -30790, -30088, 19100 ]
[ -36021, -3381, 10821, 4361, -6760, -31453, -54616, -8523 ]
[ 27944, 6031, -8421, -1368, -3844, -15416, -21435, 19659 ]
[ 47506, 19108, 5895, 5642, 7128, -1518, -1263, 23976 ]
[ 17986, 44778, 60630, 41570, 48483, 69644, 56048, 18993 ]
[ 10646, 32525, 14231, 17596, 19674, 47196, 54509, 25364 ]
[ 11358, -360, -36650, -11229, -640, -886, 13781, 10179 ]
[ 30172, 71777, 33883, 18723, 18130, 37346, 55724, 39926 ]
[ 33988, 123730, 171492, 84275, 111111, 78335, 53258, 56513 ]
[ 13379, 29069, 58621, 2425, 65801, 35490, 26743, 69659 ]
[ 7351, 40445, 60296, 17212, 32815, 38221, 36740, 66202 ]
[ -20244, 14396, 46324, 32433, 35057, 33890, 42670, 61983 ]
[ 9443, -7416, -243, -12054, -22251, -16777, -13411, -4284 ]
[ 29497, 16384, 12188, -41844, -20245, 6568, 26307, 15383 ]
[ 32763, 40997, -2838, -86283, -72816, -44239, -12719, -4373 ]
[ 50133, 36120, 10240, -39181, -32286, -9092, -8170, 6702 ]
[ 42532, 7504, 91185, 27881, -30519, -16472, -30881, 14237 ]
[ 21630, -18807, -22880, -22675, -45628, -33601, -81536, -22466 ]
[ 35334, -11280, -20024, -43771, -41538, -33485, -20259, 21561 ]
[ 4280, -28309, -21036, -19901, -21097, -32429, -16007, 27790 ]
[ -8995, -8308, -4712, -36170, -34249, -33230, -32566, -31431 ]
[ 22408, -6670, 23285, 1409, 13800, 10612, 8789, -12666 ]
[ 36232, 24436, 26760, -11298, -6466, 1927, 627, -17290 ]
[ 18646, 4751, 79205, 37084, -9035, -15706, -37483, -40827 ]
[ 49119, -35447, -12084, 63591, 18141, 38515, 11935, -28691 ]
[ 53223, -46487, -20562, 26518, -11719, 12927, 17792, -17350 ]
[ 51952, -27183, -62431, -40321, -39049, -30961, 3112, -11668 ]
[ 58333, 24891, 9691, 16539, 17794, 19048, 19663, 21649 ]
[ 9941, 31389, 36163, 38895, 38720, 34927, 18757, -67 ]
[ -9642, -846, -11284, -2262, 9147, 8847, -8498, -9222 ]
[ -23324, -31254, -10450, 11685, -15795, -26793, -25696, -10893 ]
[ -19845, -40019, -36955, 39590, 40596, 29165, 12221, -3492 ]
[ 6834, -18105, -81412, -66708, 24359, 19911, 13089, -6620 ]
[ 14936, 48481, 11392, -33091, 35823, 21424, 47681, 25469 ]
[ -23670, 10084, 26330, 18724, 18675, 14164, 621, -2500 ]
[ -17247, -13497, 9975, 9407, 8215, -1715, -1417, -8285 ]
[ -1962, -5038, -24853, -6839, 6899, -13063, -16467, -20170 ]
[ -3156, -25483, -40184, -115, 1155, -23871, -7455, -9175 ]
[ 3072, -1453, -35901, -18324, 3603, -23304, 3055, -5414 ]
[ -6694, 37430, -21285, -27230, -3013, -18028, 10400, 3972 ]
[ 9124, 36072, -55107, -27848, -41253, -24295, 10472, -7352 ]
[ 25925, 21202, -42657, -6592, -49708, -20839, -5866, -21376 ]
[ -14613, -32964, -11251, -10563, 2876, 32359, 19377, -28610 ]
[ 14408, 41565, 43094, 35848, 31488, 42222, 11385, -32955 ]
[ -14379, -23681, -1788, 4375, 19159, 14794, 18655, 13497 ]
[ -13304, -18051, -11400, 36279, 46757, 27904, 7669, -2226 ]
[ -11258, -4355, 31683, 52182, 48659, 54723, 31603, 12193 ]
[ -32105, -33428, 100968, 74254, 31915, 10429, 5126, -8854 ]
[ -21746, -68556, -35200, 11728, 40370, 33078, 26413, 1691 ]
[ 34170, 37134, 43277, 49179, 87552, 65913, 81705, 46676 ]
[ 19846, 82486, 97097, 95558, 107232, 100150, 67422, 38119 ]
[ 27294, 54714, 34454, 40556, 33437, 19570, 14796, 6287 ]
[ 4755, -14703, -6539, 10305, 14382, 10481, 10566, 1262 ]
[ -256, -26685, -4126, 32687, 27506, 20039, 2986, 918 ]
[ -7231, -15970, -23592, 31526, 43535, 23777, -9131, -1972 ]
[ 17851, -23186, -10043, 43452, -6534, -22329, -21737, -8604 ]
[ -416, -26054, -89887, -50176, -33995, -21355, -21547, -14689 ]
[ 25443, 23790, 27276, 40261, 14690, 28140, 34494, 13321 ]
[ 26533, 75955, 68148, 80613, 66357, 52386, 13127, 16224 ]
[ 6521, 57266, 57054, 58338, 53503, 39116, 29438, 23266 ]
[ -11400, -22365, -39302, -50374, -47511, -56348, -33621, -11104 ]
[ -7461, 3350, 26642, -12961, -15071, -22121, -13015, -12091 ]
[ 10942, 56594, 87469, 11693, 14777, 7358, 3925, -7422 ]
[ -14033, 10241, 26299, -4005, -23772, -28085, -43378, -29361 ]
[ -52980, -115724, -66405, -36096, -69404, -17421, -26152, -29746 ]
[ -21455, -108810, -56579, -11362, -97644, -54248, -51102, -44074 ]
[ 27938, -40555, -60222, -33326, -64256, -67550, -36215, -28595 ]
[ 59380, 33861, -4212, 4544, 2952, 5543, -8599, -26351 ]
[ 536, -1701, 10769, 24185, 12645, -17264, -26332, -27798 ]
[ -2701, -26612, -34280, -30723, -24265, -40792, -37142, -26329 ]
[ -13036, -23947, -22763, -40197, -43848, -50479, -46690, -35862 ]
[ -9077, -11081, -32535, -37120, -21562, -17532, -21932, -39008 ]
[ 5849, -14372, -88855, -67722, -66929, -50129, -59437, -66335 ]
[ 30027, 51641, -2543, -16354, -36766, -34126, -51585, -74510 ]
[ -21884, -17502, 19072, 6526, 3718, 10638, -34460, -64233 ]
[ -927, -3286, -8276, -3818, -5567, -21706, -37585, -40103 ]
[ -13442, -2638, 21316, 52515, 43992, 11509, 622, -4157 ]
[ -8898, 5153, 3936, 86352, 67272, 15887, -19824, -2443 ]
[ -25030, -21203, 30040, 135848, 113822, 36036, 3561, 8560 ]
[ -16734, -48523, -14651, 94637, 98579, 53232, 47893, 19239 ]
[ 854, 10946, -95006, -1072, 59416, 38194, 42625, 6471 ]
[ 47893, 74253, 29429, 52503, 81399, 66282, 89616, 23945 ]
[ -21167, 54903, 55353, 64581, 85694, 91046, 65619, 2863 ]
[ -24478, 46518, 69279, 58727, 63265, 81104, 53260, -11902 ]
[ 11088, -5547, 14518, 34054, 23193, 20963, 36648, 12084 ]
[ -3080, -40791, -4587, 21700, 27162, 29604, 17672, -9913 ]
[ -18305, -51067, -6283, 34222, 5055, 11578, -12790, -17747 ]
[ -22132, -68959, -53042, 63117, 46551, 32959, -90, -14054 ]
[ -34256, -103851, -123818, -74420, -9737, -2761, 9436, -3903 ]
[ -22861, -13061, -14471, -21739, -9382, 12579, 55633, 22185 ]
[ -14480, 26693, 36997, 32483, 1470, -21360, -9571, -3829 ]
[ -54178, -60276, -30553, -13625, -8861, -573, 21090, 11472 ]
[ -1405, -18058, -21066, -19623, -12059, 987, 2900, 3178 ]
[ 3437, -6801, 222, -15947, -7373, 5434, 19965, -4735 ]
[ 20529, 18709, -11711, -36231, -45404, -6477, 12047, -1149 ]
[ 474, 3270, -164, -21242, -28945, -30867, -26146, -8802 ]
[ -10138, -39464, 26, -35167, -68449, -48900, -18776, -4020 ]
[ 2758, -20226, -11363, 15314, -31611, -21427, -8120, 11335 ]
[ 38320, -1135, -25482, -20248, -36052, -23467, 5869, 30002 ]
[ 41059, -10481, -13253, -8009, -7066, -7638, 15415, 37117 ]
[ -10452, 3301, 23170, 65369, 58370, 60478, 49692, 14455 ]
[ -11325, 26221, 50197, 78991, 58220, 52711, 45690, 11023 ]
[ 11722, 50321, 96605, 100546, 80285, 75162, 63444, 26209 ]
[ -19996, 41702, 117122, 92384, 60057, 46260, 60936, 31323 ]
[ -2745, -2846, 113333, 89118, 38483, 31908, 34781, 42845 ]
[ 76728, 75979, 92114, 129810, 106809, 111476, 86795, 76780 ]
[ 84549, 97780, 128129, 152902, 140051, 145722, 81055, 54521 ]
[ 114816, 126677, 93518, 92366, 85710, 59321, 27976, 47185 ]
[ 5572, -29772, -20122, 24327, 16894, 5659, 20269, 26749 ]
[ 21007, 17033, 21689, 71638, 38420, 10350, 13540, 8247 ]
[ 28507, 43137, 64100, 104594, 96778, 83044, 64392, 19535 ]
[ 15876, -3130, -3503, 43161, 37208, 18830, 24261, 22414 ]
[ -10742, 2638, 8786, 21987, 21222, 16691, 25724, 22205 ]
[ 17043, 50060, 41427, 82019, 32775, 20544, 54215, 20626 ]
[ 28363, 48193, 41010, 64185, 40352, 32072, 15863, 7215 ]
[ 66130, 88097, 65861, 67833, 72075, 87898, 62559, 17600 ]
[ -3766, -23097, 13207, 33347, -1558, -7668, 13069, 13628 ]
[ 9254, 14432, 46798, 65878, 46865, 37208, 43676, 9709 ]
[ -992, 29588, 45312, 85649, 64942, 85466, 62755, 13487 ]
[ 3826, -11202, 25753, 88630, 62878, 53600, 23265, -4294 ]
[ 5574, -47623, -25826, -5152, 4291, 19916, 20486, -782 ]
[ 17887, -103, 3333, 50085, 17844, 52328, 68623, 12371 ]
[ 54366, 22891, -26220, 3528, 16547, -12510, 5788, 846 ]
[ 37059, -2060, -16312, -12744, -3761, -10597, 12100, 11135 ]
[ -8803, -37469, -1779, 13214, 3546, -20325, -16587, -22186 ]
[ 13056, -11735, 1708, 5886, -6488, -28977, -21725, -9282 ]
[ 13695, 17302, -5628, -9325, -3398, -18223, -24026, -24441 ]
[ 9830, -39866, -31278, -39401, -8137, -10305, -13305, -21067 ]
[ 18091, -62387, -67900, -42814, -45835, -13869, -20023, -20853 ]
[ 37169, 24398, 15405, 16605, -49982, -32742, -51736, -33423 ]
[ 11682, -16908, -29071, -21432, -46610, -33218, -31870, -38377 ]
[ 14087, -1915, -37393, -35618, -37295, -35750, -17322, -9034 ]
[ 2002, 11872, 11798, -8066, 5074, 3039, -16368, -5533 ]
[ 1619, -13246, 8474, -31455, -18029, -28604, -43597, -14020 ]
[ -4974, -43526, -44616, -85038, -59323, -64082, -52625, -20887 ]
[ 31040, -19107, -59809, -103692, -75141, -41704, -21222, -18423 ]
[ 35578, 48497, -33714, 28685, -25878, -7771, -18901, -18205 ]
[ 36309, 49536, -1803, -9316, -14757, -55693, -52437, -44794 ]
[ -26987, -71089, -76936, -67093, -80344, -80487, -61906, -56233 ]
[ -49322, -88815, -84605, -75738, -68082, -51190, -38917, -50031 ]
[ 2859, 5157, -8726, -22386, -17616, -21631, -12692, -901 ]
[ -6496, -20342, -17750, -40588, -29130, -18006, -25472, 327 ]
[ -14628, -36233, 8186, -16845, -34865, -39357, -47618, -4202 ]
[ -557, -40363, -34925, -12598, -12274, -1595, -16456, -2316 ]
[ -8339, -45054, -46028, -61150, -37324, -20005, -13144, -5737 ]
[ -47308, -37714, -7589, -66638, -47609, -38800, -52996, -24360 ]
[ -62590, -20641, 14305, -9416, -14792, -6930, -4116, -9173 ]
[ -61347, -61749, -11522, -8624, -7385, -4320, -9713, -5424 ]
[ -22898, 6477, 4036, 14354, 10483, -8447, -24930, -21052 ]
[ -20738, -8178, -34582, -8798, -25844, -56801, -59163, -20079 ]
[ -37808, -55436, -35807, 13758, 891, -36005, -35657, -11514 ]
[ -43478, -27926, -15642, 828, 8843, -3912, -2427, -11701 ]
[ -32027, 46764, -8201, 23295, 39549, 15994, 2040, -24235 ]
[ 584, 592, -38131, 3846, -2676, 3074, 28771, -11744 ]
[ -48558, -36698, -48279, -56559, -31864, 8690, 6743, -15701 ]
[ -45649, -18698, -24163, -32096, -32426, -16918, -25628, -29520 ]
[ 15178, -11233, -9322, 22491, 17272, 7650, 13682, 16189 ]
[ 1766, -31895, -51302, -15745, -26526, -21366, -5512, 2892 ]
[ -16113, -41607, -56669, -7952, -35730, -26774, -4402, -3358 ]
[ -8756, -124629, -136487, -37689, 8527, 8441, 12627, 11561 ]
[ -13057, -34482, -103013, -109390, -53728, -30843, 4461, 8938 ]
[ -34341, 29523, -17758, -36615, -35847, -47833, -4363, 10348 ]
[ -75809, -30505, -45082, -65690, -71751, -76340, -49894, -10890 ]
[ -76518, -92508, -91033, -86454, -79038, -73827, -41577, -2010 ]
[ -2246, 19340, 29717, 21738, 26915, 21391, 18871, 9141 ]
[ -9476, 22663, 58180, 103633, 101169, 64086, 29350, 9216 ]
[ -7700, 22477, 78843, 137336, 110064, 76885, 45311, 25706 ]
[ -4735, 7651, 104288, 158451, 98131, 56510, 42317, 7524 ]
[ -2689, -35115, -55471, 47264, 89315, 79576, 90814, 22390 ]
[ 7427, 18554, 18650, 27292, 79943, 73789, 115042, 51614 ]
[ 28551, 61929, 91344, 103321, 108661, 104629, 100967, 20588 ]
[ 41661, 62577, 79763, 82610, 82130, 87949, 65847, 19374 ]
[ 14495, -3936, -3089, -9164, -27114, -9651, 576, 9784 ]
[ 7813, -17212, -35022, -61843, -75216, -34286, -274, 4755 ]
[ -10468, -27239, -100487, -90907, -60038, -22965, -6211, -9077 ]
[ 10305, -73352, -120756, -126583, -68744, -18445, -21942, -6250 ]
[ 2810, -50733, -74206, -57624, -41563, -37070, -49228, -2421 ]
[ -57933, -34401, -38901, -69289, -80207, -90719, -87239, -39679 ]
[ -76361, -50997, -75296, -91673, -102109, -132508, -110245, -34628 ]
[ -110002, -107877, -95890, -88413, -82115, -77101, -59613, -21307 ]
[ -29334, -32259, -17035, -23551, -48561, -61462, -49758, -20311 ]
[ -35033, -50839, -47665, -28783, -43288, -56730, -51508, -14840 ]
[ -53041, -66686, -41764, 1591, -27313, -27974, -31841, -18720 ]
[ -71121, -89043, -96227, -25599, -6185, -4163, -27829, -18542 ]
[ -91046, -71662, -123057, -84074, -73317, -57777, -41993, -32738 ]
[ -105028, -91671, -56680, -60031, -88847, -63525, -58595, -61601 ]
[ -115792, -77019, -87893, -70375, -59836, -62097, -37652, -38819 ]
[ -83213, -76990, -83217, -75787, -66334, -43729, -44762, -28545 ]
[ -6111, -301, -5031, 13296, 15552, 10035, -1057, 103 ]
[ -20046, -2259, -28413, 3182, -12577, -22652, -23904, -7024 ]
[ -10759, -9718, -5112, 35494, 31621, 636, -19346, 26 ]
[ -30167, 28362, 12469, -9362, 8785, -16864, 2669, 14697 ]
[ -47999, 3871, 11586, -32863, -28964, -46501, -29592, 3351 ]
[ 2854, 33132, 23553, 21480, 19415, 11915, -16932, 5546 ]
[ -3467, -2042, 27517, 48011, 51316, 65348, 23500, 10036 ]
[ 26357, 36755, 18859, 10525, 4480, -4468, -6189, -12588 ]
[ -12170, -15994, 15767, 35510, 29338, 7652, -8021, -14309 ]
[ 21078, -13448, -8261, 29392, 31782, 9139, -9060, -10506 ]
[ -1844, -50245, -13928, 48175, 29227, -360, -8061, -8134 ]
[ 18691, 13636, 50724, 81212, 69818, 53208, 53793, 14855 ]
[ 59400, 119427, 76983, 89475, 116575, 60592, 53537, 5034 ]
[ 38519, 58392, 47095, 65366, 124430, 86616, 87296, 23778 ]
[ -19419, -13709, -3740, 16280, 67926, 70446, 65755, 23008 ]
[ -34723, -25619, -12928, -16529, -11749, 999, 17822, 18781 ]
[ 2000, -13440, -7817, 48840, 51506, 29120, 6454, -6894 ]
[ -1616, -8478, -17871, 50037, 34202, -18585, -41855, -19803 ]
[ -959, 16293, 51206, 89824, 46520, 20618, 9553, -113 ]
[ -16573, -56926, -39431, 57668, 48014, 5095, 9324, -20919 ]
[ -323, -68618, -187102, -96070, -55303, -40707, -3941, -35065 ]
[ 35633, 73119, 22481, 32718, -177, -1990, 38022, 901 ]
[ -22311, 34255, 50278, 52166, 28306, 50726, 11018, -49113 ]
[ 40168, 62526, 43361, 48672, 44971, 34372, 4894, -26596 ]
[ 12406, -1474, 21112, 31558, 14494, 6768, 17777, 15883 ]
[ -8048, -6744, 54798, 68579, 46872, 38315, 9532, 2223 ]
[ -4673, 4412, 50970, 70183, 72691, 69894, 24732, 9318 ]
[ 12024, -26991, 16940, 56486, -12496, -3318, -6916, -17699 ]
[ -21824, -42218, -78422, -33395, -49677, -14526, -28010, -27767 ]
[ -3940, 25643, 46730, 44251, 17201, 22429, 16398, -6063 ]
[ 41415, 112330, 118995, 151480, 112399, 94950, 46217, 7936 ]
[ 49773, 83518, 71525, 79736, 83872, 69313, 37033, 32035 ]
[ -3673, -23372, 5332, 11045, 2430, -9597, -10957, -25159 ]
[ 26593, -16417, 2862, -29623, -30927, -50441, -35772, -30455 ]
[ 13161, -31439, -32906, -45799, -44505, -61162, -56280, -40140 ]
[ 28987, -26964, -32135, -68589, -36439, -19652, -34105, -40990 ]
[ 33305, -34045, -31212, 32519, 15790, 22728, -11208, -41521 ]
[ 33462, -23547, -65773, -39241, -38088, -34202, -21418, -51305 ]
[ -18996, -89112, -134385, -132273, -134690, -124013, -84826, -74574 ]
[ -71577, -143397, -145554, -135653, -132584, -120264, -78648, -76487 ]
[ -93, -5894, -39667, -75611, -58835, -52071, -55109, -24187 ]
[ -20569, -40110, -64466, -86308, -63428, -60456, -61678, -31238 ]
[ -28266, -80648, -143565, -144491, -87315, -67665, -60239, -29422 ]
[ -20368, -56508, -153017, -159550, -127258, -88679, -75937, -55917 ]
[ -48823, -29573, -163081, -136009, -100943, -98426, -89088, -70469 ]
[ -101434, -74764, -109160, -145579, -114779, -132289, -118999, -93060 ]
[ -95396, -92084, -69853, -77147, -90688, -59003, -30263, -70342 ]
[ -88079, -82990, -65797, -59925, -60445, -42586, -34476, -53180 ]
[ 1194, -5709, 27998, 38402, 28462, 27209, 17598, -4300 ]
[ 11586, -10867, 21748, 35708, 35118, 21234, 4076, -12279 ]
[ 10713, 2176, 13589, 23753, 343, -5124, -7581, -13689 ]
[ 13959, -8446, 44136, 42871, 17975, 4822, -1394, -19073 ]
[ 6727, -33872, -32547, 31159, 21206, 25577, 15248, -9897 ]
[ 38100, 41292, 24211, 55880, 65273, 45928, 66014, 29909 ]
[ 27072, 31744, 10624, 16836, 15961, 15256, 19589, 7633 ]
[ -693, -39968, -44848, -38842, -33020, -27428, -893, 12539 ]
[ -13961, -16704, 7693, 2677, 6248, -2437, -16894, -13577 ]
[ 792, 9196, 11171, 19047, 9006, -2055, -9761, -15086 ]
[ 3562, 9213, -6120, 20698, 46604, 17986, 8247, 151 ]
[ 24503, 33788, 67730, 351, 10637, 23862, 31477, 1393 ]
[ 33116, 41422, 76399, 103936, 50731, 39651, 22292, -7929 ]
[ 40787, 21725, 37754, 60303, 57839, 34717, 12266, -21559 ]
[ -20444, -45956, -23118, -13741, 16183, 6386, -1478, -30478 ]
[ -31167, -29032, -22009, -19964, -18328, -25786, -25266, -24530 ]
[ -21486, -48081, -40725, -73984, -74301, -79621, -67754, -39264 ]
[ -12420, -27032, -44313, -96700, -80212, -68832, -67659, -41171 ]
[ -13206, -32389, -82093, -139562, -109467, -83799, -67442, -38588 ]
[ -33921, -73801, -103732, -141398, -119408, -70789, -73817, -63831 ]
[ -39139, -121119, -146594, -113448, -147644, -95233, -100292, -84468 ]
[ -67764, -94120, -85983, -110320, -145696, -121891, -152506, -129036 ]
[ -73419, -101106, -114211, -111012, -116296, -121919, -81918, -80690 ]
[ -86174, -135586, -120837, -105011, -102220, -100724, -69600, -56969 ]
[ -5553, -18154, -517, 28525, 20967, 19484, 12198, -635 ]
[ 7480, -13491, -2157, 22944, 12642, 12571, 5821, 2147 ]
[ 4932, -32467, -2573, 19669, 1154, 18902, 5257, 2816 ]
[ -4855, -18559, -29852, 17473, -5046, -3691, -3929, 13 ]
[ 17780, 56072, -16477, 12320, 15852, 13789, 18583, 9075 ]
[ 8324, 32696, 11235, 29261, 11226, 18601, 35999, 18872 ]
[ 6114, 36421, 10402, -8947, 6767, 17477, 11305, 8596 ]
[ 13134, 30295, 17705, 18915, 19926, 20741, 17746, 18942 ]
[ -1879, 21758, 13671, 1227, 12345, 20661, 13815, -1061 ]
[ -39864, -11429, -22934, -20139, -13399, -9271, -4031, -9240 ]
[ -46585, -39770, -90799, -71010, -36110, -32673, -18625, -9379 ]
[ -42456, -21070, -59522, -56186, -53847, -34776, -11355, -10867 ]
[ -72999, -12441, -83396, -100251, -65216, -35974, -35496, -17248 ]
[ -26478, 1372, -38250, -59357, -52108, -35233, -22853, -7226 ]
[ -36746, 10283, 40554, 21560, 15529, 33847, 17480, -4582 ]
[ -29264, 7386, 14583, 7437, 4250, -1007, -7313, -11213 ]
[ -2340, 31711, 8045, 34355, 35687, 26579, 8884, 2986 ]
[ 4426, 4953, -33161, 24370, 13932, 8113, 10372, 16763 ]
[ 1431, 13783, 32445, 76964, 55281, 23702, 22129, 19676 ]
[ -20403, 63041, 100882, 102754, 90669, 62860, 58149, 45416 ]
[ 27947, 78163, 118689, 99180, 107708, 62788, 80116, 53606 ]
[ 45294, 50285, 68156, 89660, 99361, 105691, 103923, 73818 ]
[ -18419, -4925, 1839, 1740, 42989, 71940, 54546, 59990 ]
[ 6819, 41660, 42050, 29276, 28708, 33308, 25350, 38047 ]
[ -4646, -8260, 7919, 43823, 37498, 26177, 6146, 6125 ]
[ 18027, 1835, -11399, 23944, 9013, -6097, -5920, 22600 ]
[ 9682, -22600, -26611, 30400, 32981, 3703, -3365, 25773 ]
[ 19235, -38747, -81108, -18158, 48753, 42122, 48417, 50833 ]
[ 80802, 86088, 41280, 42496, 53023, 31282, 49019, 52018 ]
[ 60787, 89546, 47376, 13327, 9838, 7596, 6355, 15619 ]
[ -26037, -9106, -11326, -45181, -38113, -36427, -41759, -8719 ]
[ -48997, -23408, 5976, -5705, -9842, -6436, -14327, -16938 ]
[ -11642, 23463, 17738, 11926, 24329, 24713, 10730, -3313 ]
[ -5968, 12654, 11178, 19118, 28985, 22965, 16363, 6326 ]
[ -15176, 11141, 27227, 36117, 17279, -10596, -3325, 9828 ]
[ -22041, -15692, 70127, 76511, 64757, 41214, 25912, 16884 ]
[ 10910, -57553, 1118, 45477, 62181, 65317, 73810, 36696 ]
[ 44204, 16630, 6298, 13952, 34535, 45309, 77182, 63491 ]
[ -1168, -4739, -25944, -36000, -24232, -13401, 18416, 39769 ]
[ -28050, -35367, -25152, -28588, -31709, -33535, -8667, 20839 ]
[ 9478, 18457, -12868, 670, -2777, 7117, 20477, 23341 ]
[ -5028, -27156, -862, 20034, 15735, 13857, 19138, 11732 ]
[ -17771, -25392, -17324, 23445, 9969, 37543, 36122, 17955 ]
[ -13569, -25340, -41516, -1157, 4699, 13260, 12232, -620 ]
[ -14822, -43435, -99103, -62920, -25097, -11622, 28711, 15547 ]
[ -35047, -25968, -39362, -15080, -28283, -31786, 18007, 21286 ]
[ -21113, -14681, -24193, -6132, -29398, -49057, -16746, -7786 ]
[ -7434, -28588, -23349, -15216, -17548, -13817, -10499, -302 ]
[ 7248, -32729, 9911, 9194, -406, -8640, -4202, -12033 ]
[ 32977, -40077, -14433, -51604, -51254, -43468, -16191, -19249 ]
[ 37975, -5369, -19574, -80695, -92952, -62896, -30638, -28574 ]
[ 43694, -73782, -39577, -72522, -46031, -21992, -40105, -33970 ]
[ 56976, -46659, -38631, -10917, -57303, -2086, -22357, -33648 ]
[ 35021, -5794, 7424, -15910, -78196, -62809, -46298, -36841 ]
[ -22590, -65101, -95127, -115603, -141542, -133999, -92791, -43834 ]
[ -61673, -125467, -125145, -110177, -102534, -85412, -57283, -18916 ]
[ 2240, -4585, 18611, 18382, 7416, 15050, 21460, -6951 ]
[ 10115, -14916, 7786, 24251, 25303, 40032, 40063, 8969 ]
[ -3197, -18523, -45102, -14275, -4578, 6484, 1859, -8907 ]
[ 13984, -4041, 6210, 28605, -11359, -3235, -6825, -12687 ]
[ 10256, -9176, -15179, -13102, -1941, 1832, -5576, -5326 ]
[ 5253, 10516, -10437, -2434, 4607, 20668, 28497, 20525 ]
[ 11644, 85500, 56695, 32661, 42567, 29124, 20890, 25176 ]
[ -29709, 11480, 36780, 31561, 34192, 28134, 37153, 50518 ]
[ 21191, 31565, 23421, 49664, 39120, 32723, 21731, 19087 ]
[ 15121, 26457, 32164, 23897, -9101, 1508, 17817, 33663 ]
[ 27077, 23600, -9863, -2027, -1952, -3906, 11241, 21754 ]
[ 45871, 65305, -41928, -40049, 2314, 40307, 62605, 42464 ]
[ 64766, 99552, 94865, 63453, 30739, 24340, 45771, 60073 ]
[ 18623, 57645, 64827, 42536, 20386, 4637, -23700, 24386 ]
[ -11058, -18312, -29703, -51894, -53951, -29712, -5713, 9751 ]
[ -37598, -2310, -5320, -14605, -745, 20788, 26245, 24433 ]
[ 10551, 25180, 40757, 51642, 41997, 47904, 57983, 23666 ]
[ 3265, 16737, 50318, 50156, 52095, 48551, 46178, 25330 ]
[ -7189, -1285, 33988, 67608, 32781, 16726, 12887, 16482 ]
[ 14408, 23878, 26884, 82781, 68064, 60770, 53587, 41526 ]
[ 17004, 40520, 65187, 31838, 66253, 55083, 66757, 50171 ]
[ 1294, 19189, 14052, -1321, 59761, 44023, 65243, 54179 ]
[ 30063, 24456, 45636, 41873, 46944, 29407, 29507, 26836 ]
[ 9831, 3470, 24325, 21558, 21287, 12266, 14090, 8750 ]
[ 11696, 1799, 7223, 3038, -2876, 10370, 1182, 11204 ]
[ 30707, -2055, 7629, -9802, -19225, -606, 4502, 13224 ]
[ 43899, 5821, -31620, -33183, -27685, 10134, 10088, 14000 ]
[ 61195, 22357, 45592, -28836, -18003, -7148, -4483, 11045 ]
[ 63017, 50196, 154461, 110094, 36406, 5052, -17857, 8577 ]
[ 46934, 25659, 71751, 84217, 70027, 40134, -1312, 10518 ]
[ 38624, 30612, 11869, 3643, 6662, -13352, -17878, 25399 ]
[ 5191, -28702, -26581, -21736, -20218, -29932, -17463, 34157 ]
[ 4210, 2111, 12467, 42720, 41283, 42022, 30022, 8185 ]
[ 24411, 15935, 17263, 48588, 26991, 7789, 12585, -6801 ]
[ 52054, 62954, 97100, 115168, 58740, 28019, 44403, 18352 ]
[ 12558, 61829, 79237, 116871, 120612, 81384, 72309, 37787 ]
[ 42817, 44134, 63521, 108940, 69780, 51522, 86812, 44485 ]
[ 37557, -704, 22972, 76355, 54318, 44106, 97618, 69220 ]
[ -16389, -65854, -48632, -34999, -24839, -11167, 20575, 14855 ]
[ 4537, -11902, -4985, 243, 6650, 35822, 24193, -11370 ]
[ 1858, -11747, 1966, 39933, 33894, 20227, 25048, 10950 ]
[ 5891, 3473, 26887, 73915, 48552, 28432, 26563, 6434 ]
[ 24267, 31898, 45999, 91086, 85468, 65851, 43704, 13199 ]
[ 26985, 28616, 35235, 42500, 45335, 31605, 32716, 9448 ]
[ 18574, -24301, 12438, 45806, 26823, 25365, 31726, 16063 ]
[ 52609, 22535, 40517, 95778, 60200, 76896, 68109, 30950 ]
[ 45342, 50306, 53231, 62893, 55617, 49427, 25869, -5677 ]
[ 29745, 34360, 24003, 29996, 31613, 34097, 22210, -11772 ]
[ 9475, 4015, 1610, 6882, 4840, -3202, 993, -9743 ]
[ 14689, 20791, 511, -15548, -14680, -3114, 10038, -615 ]
[ 34379, 65641, 51102, -17357, -24969, -37136, -14702, -9959 ]
[ 3799, 72468, 43258, 18098, 3688, -2143, -3040, 3535 ]
[ -8973, -27922, 49741, -10247, -25447, -3592, -24057, -3764 ]
[ 24813, -4888, 23052, 25925, -13667, 13777, -18711, 15146 ]
[ 28554, 37114, 36007, 28794, 22221, 39110, 28706, 42834 ]
[ 28193, 13619, 6596, 2016, 1567, -923, -1191, 12258 ]
[ -12427, -27871, -7605, 14242, 16015, 18111, 11196, 1404 ]
[ -4258, -697, 1331, 27247, 15508, 16952, 12645, -4345 ]
[ 4196, 3937, 23510, 39757, 29462, 36298, 32482, 5403 ]
[ -14973, -2166, 39400, 2026, 6836, -8619, 7365, 9876 ]
[ -8186, -6392, 45127, 56614, 6032, -12335, -4284, 10573 ]
[ 25216, 36251, 37827, 74505, 58249, 45336, 33310, 29258 ]
[ 40194, 54770, 27256, 47307, 63661, 56051, 30701, 28855 ]
[ 52711, 44424, 24035, 24404, 27170, 28012, 20590, 41353 ]
[ 30765, -2817, -2894, -3527, 11979, 34033, 28709, 25092 ]
[ 52707, 12672, -8983, 9214, 7607, 24854, 35647, 20189 ]
[ 63074, 62902, 18553, 18298, 20244, 51901, 56017, 27993 ]
[ 87249, 54433, 47247, -19829, 10160, 1794, 15002, 39029 ]
[ 87162, 106968, 80514, 88452, 23758, 9499, 42045, 54214 ]
[ 19734, 44250, 48680, 77181, 59584, 17551, 38793, 63351 ]
[ 37442, -27184, -34777, -44575, -20609, -7853, 1500, 35788 ]
[ 60543, 33872, 19513, 11666, 8344, 12190, 28419, 46510 ]
[ -14562, 7507, 19522, -15712, -13192, -22094, -11100, -1337 ]
[ -14830, -4290, -1919, 15015, 28146, 20345, 10979, 3688 ]
[ -28847, -38194, -24675, 23464, 23268, 37890, 27375, 11781 ]
[ -13196, -35918, 14468, 32339, 20775, 26435, 10059, -8009 ]
[ 7816, 6328, -6791, 6019, 40362, 46448, 26676, -13673 ]
[ 3343, -19922, 7119, -3198, 40352, 31830, 44524, -1104 ]
[ 851, -7668, -24060, -21825, 8274, 73, 32147, 6116 ]
[ 7524, 11401, 30172, 26591, 29265, 28152, 28237, 32949 ]
[ -6915, -13970, 4025, -26832, -25892, -8732, -1994, -7194 ]
[ 4486, -14930, -11888, -25446, -12087, 7416, 307, -11367 ]
[ -512, -13353, -2670, -17513, 5210, 27374, 10632, -10303 ]
[ 478, -13580, 65575, -13346, -23384, -13439, -23628, -21675 ]
[ -12641, -16375, 91953, 67933, 38724, 12189, -29912, -21734 ]
[ -7078, -41841, 17186, 20169, 53370, 30853, 9456, 4910 ]
[ 19841, -60, -10450, -816, 13923, 5417, 73, 19919 ]
[ 21863, -21856, -14948, -16489, -17849, -30023, -12464, 38289 ]
[ 22228, 17825, 11518, 8083, 317, -3506, -15677, -2442 ]
[ 27021, 21553, -15865, -21615, -30316, -30409, -33711, 2424 ]
[ 28121, 5924, -14014, -8353, 5698, -8736, -24704, 1468 ]
[ 49411, 66309, 34898, -21353, -16860, -10908, -2565, -2553 ]
[ 66641, 122415, 109295, 55648, 28910, -29825, -51279, -28492 ]
[ 10389, 45231, 22820, -8828, 40052, -15324, -56153, -35349 ]
[ -2785, 4576, 35038, 36441, 49781, 68617, 19359, -8664 ]
[ -512, 60418, 56281, 44322, 39704, 34216, 2997, -4993 ]
[ 12411, 15272, -8758, -54734, -39328, -13594, -7737, 7097 ]
[ 12112, 19365, -247, -23525, -14041, 17872, 21895, 12966 ]
[ 12127, 8902, -42371, -43990, -8778, 6712, 6329, 10670 ]
[ 41553, 68883, 16650, -57538, -55247, -35797, -15805, 13476 ]
[ -4737, 49742, 69199, 38092, 12969, 2566, -9729, 21867 ]
[ -48677, -72363, -40810, -42618, -3450, -7524, -45006, -2704 ]
[ 7309, -28042, -47630, -51651, -18674, -30526, -3605, 18186 ]
[ -11355, -45365, -24249, -28951, -26568, -19518, 9791, 20083 ]
[ 3839, 5333, 1608, -34165, -14075, -3640, -5979, 6519 ]
[ -4191, 9014, 33261, -5888, 15729, 30378, 18695, 3515 ]
[ 4707, 24401, 57000, -20066, -29811, -9853, -130, 1946 ]
[ 10124, 16752, 45720, 9839, -4019, -20645, -13297, 683 ]
[ -2338, 28168, 11105, 28416, -1899, 15861, 17567, 19034 ]
[ 7522, 11125, 10402, 14842, -19337, -17294, -15399, 12810 ]
[ 39344, 24353, 32394, 22702, 732, 4698, 27200, 34606 ]
[ 27080, 5189, 23648, 24130, 27005, 50364, 45046, 33450 ]
[ 674, -6798, -37375, -36351, -34381, -33055, -27250, 470 ]
[ 5779, -37956, -60409, -15466, -12404, -24205, -20865, -2733 ]
[ 2668, -52726, -75871, -12188, -515, -9729, -1364, 4250 ]
[ -16122, -65582, -92961, -77444, -23909, -34075, -6277, 17252 ]
[ -15119, -2010, -73493, -30651, -32573, -54492, -11448, 16274 ]
[ -42409, 1562, -71661, -40134, -23979, -60240, -32833, -22966 ]
[ -54153, -65283, -39537, -24970, -24461, -21043, -20108, -15746 ]
[ -16198, -936, -21838, -17563, -20322, -9888, -17509, -17170 ]
[ 6445, 18368, 10548, -19939, 5864, 13511, 14932, 15751 ]
[ 8571, 7756, 14486, 1027, 5750, -2309, 790, 8598 ]
[ 16713, 11203, 15118, -11852, -3632, 6466, 15654, 15263 ]
[ 14576, -749, 63209, 5676, -17943, -5140, 2425, -5300 ]
[ 28359, -6363, 8157, 77136, 56102, 73364, 56011, 25607 ]
[ 40973, 4890, 15176, 25772, 16024, 5631, 42094, 39628 ]
[ 13015, -27069, -45455, -50501, -61722, -30807, 13759, 23844 ]
[ 5639, 4628, 2848, 1748, 3777, 24287, 26178, 11771 ]
[ 11873, -3085, 17732, 34291, 4944, -16050, -9972, 8739 ]
[ 36213, 29233, -7831, -8534, -25733, -48266, -39982, 16441 ]
[ 17561, 29689, 37919, 50474, 22368, -13531, -22204, 9117 ]
[ 34155, -22166, -38519, 25899, 52114, 41909, 25481, 28786 ]
[ 49873, 47354, 42787, -7283, 568, -15973, -21873, -3541 ]
[ -9411, -6733, -15360, -39233, -42656, -51756, -62177, -36039 ]
[ -29426, -39052, -38011, -47341, -47926, -46973, -56786, -19112 ]
[ -17438, -15878, -30038, -33143, -36119, -52172, -50501, -30053 ]
[ -3947, -6558, 3916, 13319, -272, 1970, -6320, -4437 ]
[ 6067, 12293, 2283, -17705, -40771, -31478, -25133, 2841 ]
[ 6115, -7447, -8429, -784, -4168, -20064, -23306, 1 ]
[ 6134, -1256, -25888, -39742, 1662, 7648, 6235, 21646 ]
[ 9067, 60840, 101479, 56203, 31524, -6578, -20689, 11030 ]
[ -16992, 43, 12333, -10472, 12054, -13548, -47568, -15202 ]
[ -25145, -8738, -13288, -19020, -16582, -20672, -34724, -10613 ]
[ -39280, -17369, -11995, -17908, -17442, -9255, -17702, -10422 ]
[ 1905, -24625, 29099, 55930, 33299, 5633, -9259, -17617 ]
[ 31559, 2050, 3778, 24386, 2189, -24923, -39140, -11225 ]
[ 28994, 26453, 69123, 62274, 14583, -13319, -23133, -15203 ]
[ 9200, -50418, -6837, 66806, 57244, 36686, 15552, -3164 ]
[ 40479, -4586, -29036, 15583, -6200, 624, 481, -16551 ]
[ 30174, 36628, 46362, 51264, -13592, -4116, 2493, -9887 ]
[ -9039, -19024, -20188, -12417, -33451, -14634, -26188, -13518 ]
[ 7619, 2495, -17844, -11112, -6085, -4485, -5664, 6851 ]
[ -1759, 36868, 9835, -19841, -15581, -1411, 9934, 10671 ]
[ -34826, 16486, 17796, -1210, 27270, 51357, 38927, 3084 ]
[ -39926, -18633, 36071, 18390, 22167, 43935, 35579, 8727 ]
[ -46325, 42150, 34749, 51363, 12816, 16257, 7842, 3038 ]
[ -57843, 37357, 35022, -14850, 39542, 21164, 13316, -5963 ]
[ -48428, -36437, 13438, -17935, 46791, 42629, 34446, -1715 ]
[ 23722, 41805, 71562, 72188, 98435, 74074, 64153, 35909 ]
[ 67582, 90290, 109885, 102518, 101605, 84831, 61993, 32567 ]
[ -11399, -3163, -703, -19608, -27204, -23354, -17082, -17808 ]
[ -20006, -22735, -19205, -57457, -56451, -37582, -17045, -19139 ]
[ -24168, -32929, -42470, -60398, -59829, -43109, -29478, -21323 ]
[ -35051, -22726, -7205, -45323, -25358, -11606, -26427, -20496 ]
[ -27296, -34640, -24995, -12605, -26885, -16169, -34036, -27552 ]
[ -22038, -63790, -43169, -36859, -47042, -24773, -37582, -35241 ]
[ -32578, -50665, -69454, -62743, -49274, -45949, -20683, -14089 ]
[ -48449, -50336, -56868, -56175, -55273, -55384, -46216, -21449 ]
[ -2740, 38160, 44792, 51810, 46040, 43330, 20021, -10409 ]
[ -8846, 34030, 48333, 51791, 37811, 45185, 28274, 13259 ]
[ -19724, 11290, 6596, 38976, 25464, 6848, 6865, 3400 ]
[ 4644, 38351, 53341, 92405, 53359, 52148, 46437, 15854 ]
[ 38657, 118871, 72828, 79906, 103853, 83474, 67108, 14076 ]
[ 45391, 99260, 101614, 91013, 119325, 102183, 99946, 44568 ]
[ 1369, 88017, 67191, 42275, 75084, 64111, 60938, 34087 ]
[ -18444, 41398, 67854, 50272, 56972, 55253, 53749, 57562 ]
[ -10330, 26892, 25247, 61336, 51398, 42613, 26146, 11029 ]
[ -17011, -18427, -18282, 35302, -1280, -6505, -12063, 16526 ]
[ -16246, -39525, 2628, 85679, 40648, 5442, -9555, 17182 ]
[ -27335, -25268, -1171, 37776, 66741, 49849, 56330, 47661 ]
[ 27853, 60209, 7508, 48285, 57898, 37057, 66211, 64174 ]
[ 36150, 102936, 88974, 75838, 77956, 50631, 55136, 61636 ]
[ -68215, 5808, 14380, 5237, 14016, 25924, 13084, 23534 ]
[ -71701, -6645, 1903, -4485, 1081, 23385, 13655, 14324 ]
[ -10719, 456, 1089, -17459, -5861, -4484, 9351, -1962 ]
[ -4495, 16412, 14400, 23375, 25600, 21779, 29086, -2626 ]
[ 6735, 15500, 18354, 22970, 36156, 40911, 41102, 6620 ]
[ -24800, 18503, 42749, 19551, 5888, 11857, 10645, -1894 ]
[ -16405, 973, 27762, 43688, 37249, 54230, 49324, 14274 ]
[ 7778, -40936, -34042, 11181, -4272, 23383, 55438, 26808 ]
[ 26380, -16661, -36870, -38892, -26239, -2538, 34277, 21763 ]
[ 49272, 50862, 42635, 36946, 36941, 43629, 43711, 27284 ]
