[ 11, 0, 0, 0, 0, 0, 0, 0, 0, 0, 0, 0, 0, 0, 0, 0 ]
[ 14, 0, 0, 0, 0, 0, 0, 0, 0, 0, 0, 0, 0, 0, 0, 0 ]
[ 13, 0, 0, 0, 0, 0, 0, 0, 0, 0, 0, 0, 0, 0, 0, 0 ]
[ 13, 0, 0, 0, 0, 0, 0, 0, 0, 0, 0, 0, 0, 0, 0, 0 ]
[ 14, 0, 0, 0, 0, 0, 0, 0, 0, 0, 0, 0, 0, 0, 0, 0 ]
[ 16, 0, 0, 0, 0, 0, 0, 0, 0, 0, 0, 0, 0, 0, 0, 0 ]
[ 18, 0, 0, 0, 0, 0, 0, 0, 0, 0, 0, 0, 0, 0, 0, 0 ]
[ 19, 0, 0, 0, 0, 0, 0, 0, 0, 0, 0, 0, 0, 0, 0, 0 ]
[ 19, 0, 0, 0, 0, 0, 0, 0, 0, 0, 0, 0, 0, 0, 0, 0 ]
[ 19, 0, 0, 0, 0, 0, 0, 1, 0, 0, 0, 0, 0, 0, 0, 0 ]
[ 18, 0, 0, 0, 0, 0, 0, 4, 0, 0, 0, 0, 0, 0, 0, 0 ]
[ 3, 0, 0, 0, 0, 0, 0, 0, 0, 0, 0, 0, 0, 0, 0, 0 ]
[ 5, 0, 0, 0, 0, 0, 0, 0, 0, 0, 0, 0, 0, 0, 0, 0 ]
[ 4, 0, 0, 0, 0, 0, 0, 0, 0, 0, 0, 0, 0, 1, 0, 0 ]
[ 6, 0, 0, 0, 0, 0, 0, 0, 0, 0, 0, 0, 10, 4, 0, 0 ]
[ 1, 0, 0, 0, 0, 0, 0, 0, 0, 0, 0, 0, 0, 0, 0, 0 ]
[ 17, 24, 20, 19, 21, 22, 20, 20, 20, 20, 21, 21, 21, 21, 20, 2 ]
[ 2, 0, 0, 0, 0, 0, 0, 0, 0, 0, 0, 0, 0, 0, 0, 0 ]
[ 1, 0, 0, 9, 29, 34, 31, 39, 34, 29, 28, 23, 6, 0, 0, 0 ]
[ 2, 0, 0, 27, 24, 14, 19, 30, 17, 14, 16, 9, 9, 0, 0, 0 ]
[ 0, 0, 0, 23, 27, 21, 18, 23, 26, 26, 30, 21, 17, 2, 0, 0 ]
[ 0, 0, 0, 0, 3, 3, 4, 3, 3, 2, 1, 0, 0, 0, 0, 0 ]
[ 0, 0, 0, 0, 0, 0, 0, 0, 0, 0, 0, 0, 0, 0, 0, 0 ]
[ 0, 0, 0, 0, 0, 0, 0, 0, 0, 0, 0, 0, 0, 0, 0, 0 ]
[ 0, 0, 0, 0, 0, 7, 0, 1, 1, 4, 3, 0, 0, 0, 0, 0 ]
[ 0, 0, 0, 0, 0, 6, 2, 0, 0, 0, 2, 8, 4, 3, 0, 0 ]
[ 0, 0, 0, 0, 0, 0, 0, 3, 5, 0, 0, 0, 6, 4, 0, 0 ]
[ 1, 0, 0, 4, 22, 26, 46, 51, 26, 23, 38, 36, 38, 16, 11, 0 ]
[ 3, 7, 9, 11, 11, 11, 12, 9, 3, 3, 3, 2, 0, 0, 0, 2 ]
[ 0, 0, 0, 0, 0, 0, 0, 0, 0, 0, 0, 0, 0, 0, 0, 0 ]
[ 0, 2, 1, 0, 0, 0, 0, 0, 0, 0, 0, 0, 0, 0, 0, 0 ]
[ 0, 2, 2, 2, 1, 5, 7, 6, 7, 7, 3, 0, 0, 0, 0, 2 ]
[ 0, 0, 0, 0, 0, 0, 0, 0, 0, 0, 0, 0, 0, 0, 0, 7 ]
[ 0, 0, 0, 0, 0, 0, 0, 0, 0, 0, 0, 0, 0, 0, 0, 0 ]
[ 0, 0, 0, 0, 0, 0, 0, 0, 0, 0, 0, 0, 0, 0, 0, 0 ]
[ 0, 0, 0, 0, 0, 0, 0, 0, 0, 0, 0, 0, 0, 0, 0, 0 ]
[ 0, 0, 0, 0, 0, 0, 0, 0, 0, 0, 0, 0, 0, 0, 0, 0 ]
[ 0, 0, 0, 0, 0, 0, 0, 0, 0, 0, 0, 0, 0, 0, 0, 0 ]
[ 0, 0, 0, 0, 0, 0, 0, 0, 0, 0, 0, 0, 0, 0, 0, 0 ]
[ 0, 0, 0, 0, 0, 0, 0, 0, 0, 0, 0, 0, 0, 0, 0, 0 ]
[ 0, 0, 0, 0, 0, 0, 0, 0, 0, 0, 0, 0, 0, 0, 0, 0 ]
[ 0, 0, 0, 0, 0, 0, 0, 0, 0, 0, 0, 0, 0, 0, 0, 0 ]
[ 0, 0, 0, 0, 0, 0, 0, 0, 0, 0, 0, 0, 0, 0, 0, 0 ]
[ 0, 0, 0, 0, 0, 0, 0, 0, 0, 0, 0, 0, 0, 0, 0, 0 ]
[ 0, 0, 0, 0, 0, 0, 0, 0, 0, 0, 0, 0, 0, 0, 0, 0 ]
[ 0, 0, 0, 0, 0, 0, 0, 0, 0, 0, 0, 0, 0, 0, 0, 0 ]
[ 0, 0, 0, 0, 0, 0, 0, 0, 0, 0, 0, 0, 0, 0, 0, 0 ]
[ 0, 0, 0, 0, 0, 0, 0, 0, 0, 0, 0, 0, 0, 0, 0, 0 ]
[ 29, 47, 46, 43, 43, 41, 43, 44, 42, 44, 43, 44, 44, 42, 46, 9 ]
[ 29, 0, 0, 0, 0, 0, 0, 0, 0, 0, 0, 0, 0, 0, 0, 0 ]
[ 29, 0, 0, 0, 2, 16, 11, 6, 16, 21, 21, 8, 0, 0, 0, 0 ]
[ 30, 0, 0, 0, 0, 0, 2, 3, 0, 0, 0, 0, 0, 0, 0, 0 ]
[ 33, 0, 19, 66, 58, 43, 43, 49, 50, 55, 49, 37, 16, 3, 0, 0 ]
[ 34, 1, 0, 0, 4, 8, 8, 7, 9, 9, 9, 1, 0, 0, 0, 0 ]
[ 33, 0, 0, 0, 0, 0, 0, 0, 0, 0, 0, 0, 0, 0, 0, 0 ]
[ 32, 7, 30, 23, 0, 0, 0, 0, 0, 0, 0, 0, 0, 0, 0, 0 ]
[ 31, 0, 0, 5, 2, 0, 0, 0, 0, 0, 0, 0, 0, 0, 0, 0 ]
[ 30, 0, 0, 0, 0, 0, 0, 0, 0, 0, 0, 0, 0, 0, 0, 0 ]
[ 30, 0, 0, 0, 11, 17, 2, 0, 5, 16, 16, 3, 0, 0, 0, 0 ]
[ 25, 0, 0, 0, 16, 33, 46, 26, 17, 29, 37, 42, 23, 9, 2, 0 ]
[ 19, 1, 4, 7, 6, 6, 5, 0, 0, 0, 0, 0, 0, 0, 0, 0 ]
[ 10, 0, 0, 0, 0, 0, 0, 0, 0, 0, 0, 0, 0, 0, 0, 0 ]
[ 10, 1, 0, 0, 0, 0, 0, 0, 0, 0, 0, 0, 0, 0, 0, 0 ]
[ 10, 0, 0, 0, 0, 0, 0, 0, 0, 0, 0, 0, 0, 0, 0, 0 ]
[ 14, 1, 0, 0, 0, 0, 0, 0, 0, 0, 0, 0, 0, 0, 0, 0 ]
[ 3, 0, 0, 0, 0, 0, 0, 0, 0, 0, 0, 0, 0, 0, 0, 0 ]
[ 1, 0, 0, 0, 0, 9, 10, 13, 12, 8, 7, 13, 1, 0, 0, 0 ]
[ 0, 0, 0, 3, 13, 6, 5, 11, 12, 10, 14, 7, 10, 0, 0, 0 ]
[ 0, 0, 0, 0, 0, 0, 0, 0, 0, 0, 0, 1, 0, 0, 0, 0 ]
[ 0, 0, 0, 0, 0, 0, 0, 0, 0, 0, 0, 0, 0, 0, 0, 0 ]
[ 0, 0, 0, 0, 1, 0, 0, 0, 0, 0, 0, 0, 0, 0, 0, 0 ]
[ 2, 0, 0, 0, 8, 31, 5, 0, 0, 0, 0, 0, 0, 0, 0, 0 ]
[ 2, 0, 0, 0, 0, 6, 37, 22, 1, 0, 0, 0, 0, 0, 0, 0 ]
[ 4, 0, 0, 0, 0, 0, 4, 17, 21, 10, 17, 10, 0, 0, 0, 0 ]
[ 6, 0, 0, 0, 0, 0, 0, 0, 0, 0, 0, 6, 25, 7, 1, 0 ]
[ 3, 0, 0, 0, 0, 0, 0, 0, 0, 0, 0, 0, 0, 0, 0, 0 ]
[ 9, 7, 5, 7, 9, 10, 5, 5, 1, 0, 0, 0, 0, 0, 0, 0 ]
[ 0, 3, 2, 2, 1, 2, 3, 4, 2, 0, 5, 4, 7, 10, 5, 0 ]
[ 0, 1, 0, 0, 0, 0, 0, 0, 0, 0, 0, 0, 0, 0, 0, 0 ]
[ 2, 0, 0, 0, 0, 0, 0, 0, 0, 0, 0, 0, 0, 0, 0, 0 ]
[ 0, 10, 25, 21, 2, 9, 18, 14, 13, 15, 16, 15, 7, 8, 14, 15 ]
[ 0, 6, 29, 8, 0, 0, 0, 0, 0, 0, 0, 0, 0, 2, 10, 64 ]
[ 0, 6, 34, 12, 0, 0, 0, 0, 0, 0, 0, 0, 0, 2, 11, 63 ]
[ 0, 7, 23, 0, 0, 0, 0, 0, 0, 0, 0, 0, 0, 0, 16, 66 ]
[ 0, 14, 40, 26, 15, 12, 11, 12, 12, 16, 9, 0, 0, 4, 19, 68 ]
[ 0, 21, 16, 10, 16, 17, 10, 13, 18, 22, 15, 1, 9, 17, 20, 68 ]
[ 0, 20, 14, 0, 0, 0, 4, 15, 21, 24, 20, 16, 17, 17, 18, 65 ]
[ 0, 17, 22, 2, 0, 0, 0, 0, 7, 17, 15, 15, 19, 21, 22, 69 ]
[ 0, 7, 18, 35, 15, 0, 0, 0, 0, 0, 0, 4, 12, 18, 22, 69 ]
[ 0, 4, 9, 30, 37, 6, 0, 0, 0, 0, 0, 0, 0, 0, 4, 63 ]
[ 0, 4, 10, 24, 16, 5, 0, 0, 0, 0, 0, 0, 0, 0, 0, 56 ]
[ 0, 1, 0, 1, 0, 0, 0, 0, 0, 0, 0, 0, 0, 0, 0, 43 ]
[ 0, 0, 1, 1, 0, 0, 1, 0, 0, 1, 0, 0, 0, 0, 0, 17 ]
[ 0, 0, 0, 0, 0, 0, 0, 0, 0, 0, 0, 0, 0, 0, 0, 4 ]
[ 0, 2, 0, 0, 0, 0, 1, 0, 0, 4, 4, 0, 0, 0, 0, 3 ]
[ 0, 0, 0, 0, 0, 0, 0, 0, 0, 0, 0, 0, 0, 0, 0, 7 ]
[ 0, 11, 12, 9, 18, 22, 19, 20, 21, 23, 23, 22, 17, 5, 4, 0 ]
[ 0, 0, 0, 0, 0, 0, 5, 0, 0, 0, 0, 0, 0, 0, 0, 0 ]
[ 0, 0, 0, 0, 0, 0, 0, 0, 0, 0, 0, 0, 0, 0, 0, 0 ]
[ 1, 0, 0, 0, 0, 0, 0, 0, 0, 0, 0, 0, 0, 0, 0, 0 ]
[ 0, 0, 0, 0, 0, 2, 6, 2, 0, 0, 0, 0, 0, 0, 0, 0 ]
[ 0, 0, 0, 0, 0, 0, 0, 0, 0, 0, 0, 0, 0, 0, 0, 0 ]
[ 0, 0, 4, 0, 0, 0, 0, 0, 0, 0, 0, 0, 0, 0, 0, 0 ]
[ 0, 0, 0, 0, 0, 0, 0, 0, 0, 0, 0, 0, 0, 0, 0, 0 ]
[ 0, 0, 0, 0, 0, 0, 24, 16, 0, 0, 0, 0, 0, 0, 0, 0 ]
[ 0, 0, 0, 0, 0, 0, 1, 23, 52, 53, 45, 13, 0, 0, 0, 0 ]
[ 0, 0, 0, 0, 0, 0, 0, 4, 1, 0, 19, 41, 52, 33, 4, 0 ]
[ 0, 0, 0, 0, 0, 0, 0, 0, 0, 0, 0, 0, 0, 8, 6, 0 ]
[ 36, 62, 62, 62, 62, 54, 53, 50, 37, 29, 37, 36, 35, 30, 37, 4 ]
[ 15, 26, 28, 30, 32, 32, 36, 39, 38, 36, 39, 38, 42, 44, 30, 4 ]
[ 0, 0, 0, 0, 0, 0, 0, 0, 0, 0, 0, 0, 0, 0, 0, 0 ]
[ 0, 0, 0, 0, 0, 0, 0, 0, 0, 0, 0, 0, 0, 10, 10, 0 ]
[ 0, 0, 0, 0, 0, 0, 0, 0, 0, 0, 0, 0, 0, 0, 0, 0 ]
[ 0, 0, 0, 0, 0, 0, 0, 0, 0, 0, 0, 0, 0, 0, 0, 0 ]
[ 0, 0, 0, 0, 0, 0, 0, 0, 0, 0, 0, 0, 0, 0, 0, 0 ]
[ 0, 0, 0, 0, 0, 0, 0, 0, 0, 0, 0, 0, 0, 0, 0, 0 ]
[ 0, 0, 0, 0, 0, 0, 0, 0, 0, 0, 0, 0, 0, 0, 0, 0 ]
[ 0, 0, 0, 0, 0, 0, 0, 0, 0, 0, 0, 0, 0, 0, 0, 0 ]
[ 0, 0, 0, 0, 0, 0, 0, 0, 0, 0, 0, 0, 0, 0, 0, 0 ]
[ 0, 0, 0, 0, 0, 0, 0, 0, 0, 0, 0, 0, 0, 0, 0, 0 ]
[ 0, 0, 0, 0, 0, 0, 0, 0, 0, 0, 0, 0, 0, 0, 0, 0 ]
[ 0, 0, 0, 0, 0, 0, 0, 0, 0, 0, 0, 0, 0, 0, 0, 0 ]
[ 0, 0, 0, 0, 0, 0, 0, 0, 0, 0, 0, 0, 0, 0, 0, 0 ]
[ 0, 0, 0, 0, 0, 0, 0, 0, 0, 0, 0, 0, 0, 0, 0, 0 ]
[ 0, 0, 0, 0, 0, 0, 0, 0, 0, 0, 0, 0, 0, 0, 0, 0 ]
[ 0, 0, 0, 0, 0, 0, 0, 0, 0, 0, 0, 0, 0, 0, 0, 0 ]
[ 0, 0, 0, 0, 0, 0, 0, 0, 0, 0, 0, 0, 0, 0, 0, 0 ]
[ 0, 0, 0, 0, 0, 0, 0, 0, 0, 0, 0, 0, 0, 0, 0, 0 ]
[ 41, 15, 3, 0, 0, 1, 2, 0, 1, 0, 1, 0, 0, 2, 1, 59 ]
[ 58, 7, 2, 19, 22, 1, 1, 0, 8, 1, 1, 0, 12, 0, 0, 49 ]
[ 60, 2, 9, 18, 38, 12, 8, 0, 10, 11, 2, 1, 21, 0, 0, 51 ]
[ 65, 6, 18, 0, 25, 3, 11, 0, 8, 12, 17, 26, 0, 24, 0, 50 ]
[ 76, 13, 0, 5, 6, 0, 6, 2, 2, 3, 11, 12, 6, 9, 0, 49 ]
[ 81, 17, 0, 9, 6, 0, 0, 1, 0, 0, 0, 0, 9, 0, 0, 51 ]
[ 83, 3, 0, 7, 0, 0, 0, 0, 0, 0, 0, 0, 0, 0, 0, 49 ]
[ 77, 2, 10, 7, 0, 2, 0, 0, 0, 0, 0, 0, 0, 0, 0, 46 ]
[ 79, 7, 0, 17, 25, 29, 0, 0, 0, 0, 0, 3, 0, 0, 0, 45 ]
[ 82, 5, 0, 21, 33, 31, 6, 2, 6, 2, 0, 9, 0, 0, 0, 42 ]
[ 77, 0, 0, 30, 0, 24, 9, 0, 50, 3, 25, 4, 14, 12, 4, 40 ]
[ 70, 0, 0, 0, 0, 15, 2, 0, 16, 0, 6, 0, 8, 3, 0, 34 ]
[ 64, 7, 1, 0, 0, 2, 0, 1, 10, 0, 0, 0, 0, 0, 0, 22 ]
[ 60, 15, 1, 0, 3, 0, 0, 0, 4, 0, 0, 1, 0, 0, 1, 38 ]
[ 55, 23, 3, 0, 4, 1, 4, 0, 6, 0, 2, 1, 0, 10, 28, 10 ]
[ 44, 17, 1, 0, 0, 9, 1, 0, 4, 0, 4, 0, 8, 26, 0, 4 ]
[ 59, 39, 24, 11, 13, 19, 12, 6, 11, 8, 11, 8, 10, 23, 26, 14 ]
[ 84, 8, 1, 0, 0, 0, 0, 0, 0, 0, 0, 0, 1, 0, 0, 0 ]
[ 87, 8, 11, 0, 0, 0, 0, 0, 0, 0, 0, 0, 0, 1, 0, 0 ]
[ 86, 5, 7, 0, 0, 0, 0, 0, 0, 0, 0, 0, 0, 0, 0, 3 ]
[ 92, 0, 0, 0, 0, 0, 0, 0, 0, 0, 0, 0, 0, 0, 0, 4 ]
[ 98, 0, 1, 0, 0, 0, 0, 0, 0, 0, 0, 0, 0, 0, 0, 2 ]
[ 97, 2, 0, 6, 15, 7, 0, 0, 0, 0, 0, 0, 0, 0, 0, 4 ]
[ 93, 0, 0, 0, 0, 11, 13, 3, 0, 0, 0, 0, 0, 0, 0, 4 ]
[ 95, 0, 0, 0, 0, 1, 6, 14, 7, 5, 0, 0, 0, 0, 0, 3 ]
[ 93, 0, 0, 0, 0, 0, 0, 0, 2, 4, 1, 20, 2, 3, 1, 4 ]
[ 88, 0, 0, 0, 0, 0, 0, 0, 0, 0, 0, 0, 0, 0, 0, 6 ]
[ 96, 9, 1, 0, 0, 5, 9, 24, 38, 0, 14, 13, 19, 14, 1, 10 ]
[ 58, 0, 0, 0, 0, 0, 0, 2, 6, 1, 3, 3, 5, 4, 0, 10 ]
[ 41, 3, 2, 0, 0, 0, 0, 1, 2, 0, 0, 0, 0, 0, 0, 11 ]
[ 11, 0, 0, 0, 0, 0, 0, 0, 0, 0, 0, 0, 0, 6, 25, 15 ]
[ 5, 0, 0, 0, 0, 0, 0, 0, 0, 0, 0, 0, 4, 32, 4, 0 ]
[ 77, 74, 45, 38, 55, 58, 46, 43, 46, 45, 47, 43, 46, 51, 53, 11 ]
[ 72, 32, 6, 0, 8, 19, 13, 12, 15, 12, 12, 4, 16, 6, 0, 0 ]
[ 73, 26, 16, 0, 3, 0, 0, 0, 1, 3, 0, 4, 17, 12, 0, 0 ]
[ 70, 21, 4, 0, 0, 0, 0, 0, 0, 0, 0, 0, 0, 7, 1, 0 ]
[ 71, 9, 9, 6, 3, 3, 4, 4, 6, 5, 1, 9, 9, 12, 1, 0 ]
[ 76, 9, 13, 22, 7, 1, 0, 0, 0, 0, 0, 1, 7, 0, 0, 0 ]
[ 71, 0, 0, 11, 40, 43, 15, 3, 0, 0, 0, 1, 0, 0, 2, 0 ]
[ 73, 6, 0, 0, 0, 19, 52, 33, 5, 0, 0, 0, 0, 0, 0, 0 ]
[ 75, 5, 0, 0, 0, 0, 8, 32, 51, 46, 29, 15, 1, 0, 1, 0 ]
[ 72, 3, 0, 0, 0, 0, 0, 0, 0, 7, 31, 48, 47, 31, 14, 0 ]
[ 69, 6, 0, 0, 0, 0, 0, 0, 0, 0, 0, 0, 0, 0, 1, 0 ]
[ 82, 42, 29, 30, 37, 40, 46, 88, 78, 24, 59, 47, 66, 52, 33, 1 ]
[ 30, 4, 0, 1, 3, 4, 6, 11, 11, 8, 16, 20, 24, 20, 12, 2 ]
[ 21, 13, 11, 8, 5, 3, 4, 4, 1, 0, 0, 0, 0, 0, 0, 1 ]
[ 0, 0, 0, 0, 0, 0, 0, 0, 0, 0, 0, 0, 0, 8, 20, 8 ]
[ 7, 4, 10, 8, 6, 15, 12, 8, 11, 9, 4, 6, 30, 41, 11, 0 ]
[ 0, 0, 7, 11, 12, 17, 20, 24, 24, 31, 28, 26, 21, 0, 0, 0 ]
[ 0, 0, 0, 4, 7, 0, 1, 0, 0, 0, 0, 0, 0, 0, 0, 0 ]
[ 0, 0, 0, 0, 2, 28, 24, 20, 30, 34, 35, 28, 3, 0, 0, 0 ]
[ 0, 0, 1, 22, 13, 10, 10, 11, 23, 22, 21, 18, 34, 2, 0, 0 ]
[ 0, 0, 0, 0, 15, 17, 24, 21, 15, 19, 21, 10, 0, 0, 0, 0 ]
[ 0, 0, 0, 2, 11, 15, 11, 8, 16, 15, 9, 1, 0, 0, 0, 0 ]
[ 0, 28, 63, 47, 1, 0, 0, 0, 0, 0, 0, 0, 0, 0, 0, 0 ]
[ 0, 0, 0, 12, 27, 1, 0, 0, 0, 0, 0, 1, 2, 1, 0, 0 ]
[ 0, 0, 0, 0, 0, 10, 36, 26, 0, 0, 0, 0, 0, 0, 0, 0 ]
[ 0, 0, 0, 0, 7, 16, 0, 22, 67, 61, 62, 10, 0, 0, 0, 0 ]
[ 0, 0, 0, 14, 56, 21, 41, 27, 19, 19, 34, 90, 92, 52, 15, 2 ]
[ 0, 0, 0, 0, 0, 0, 0, 0, 0, 0, 0, 0, 0, 0, 0, 0 ]
[ 51, 68, 71, 71, 72, 72, 66, 50, 32, 26, 22, 18, 9, 0, 1, 21 ]
[ 25, 32, 31, 27, 23, 25, 28, 29, 32, 33, 39, 34, 39, 42, 40, 18 ]
[ 1, 5, 7, 5, 7, 9, 7, 9, 10, 11, 0, 1, 0, 0, 0, 21 ]
[ 5, 1, 0, 0, 0, 3, 5, 3, 6, 3, 1, 0, 0, 23, 20, 5 ]
[ 44, 4, 0, 0, 0, 0, 0, 0, 0, 0, 0, 0, 0, 0, 0, 0 ]
[ 37, 0, 0, 0, 0, 0, 0, 0, 0, 0, 0, 0, 0, 0, 0, 0 ]
[ 38, 0, 0, 0, 0, 0, 0, 0, 0, 0, 0, 0, 3, 0, 0, 0 ]
[ 35, 0, 0, 0, 1, 0, 0, 0, 0, 0, 0, 0, 0, 4, 0, 0 ]
[ 32, 0, 0, 0, 0, 0, 0, 0, 0, 0, 0, 4, 0, 0, 0, 0 ]
[ 34, 0, 0, 0, 0, 0, 0, 0, 0, 0, 0, 0, 0, 0, 0, 0 ]
[ 33, 0, 0, 24, 22, 0, 0, 0, 0, 0, 0, 0, 0, 0, 0, 0 ]
[ 36, 0, 0, 0, 26, 44, 6, 0, 0, 0, 0, 0, 0, 0, 0, 0 ]
[ 34, 0, 0, 0, 0, 8, 17, 18, 3, 0, 0, 0, 0, 0, 0, 0 ]
[ 31, 0, 0, 0, 0, 0, 1, 2, 10, 11, 11, 13, 0, 0, 0, 0 ]
[ 33, 0, 0, 0, 4, 0, 0, 11, 8, 0, 1, 8, 24, 7, 1, 0 ]
[ 28, 0, 0, 0, 0, 0, 0, 0, 5, 0, 4, 0, 0, 0, 0, 0 ]
[ 15, 0, 0, 0, 0, 0, 0, 0, 0, 0, 0, 0, 0, 0, 0, 0 ]
[ 8, 0, 0, 0, 0, 0, 0, 0, 1, 0, 1, 0, 0, 7, 10, 3 ]
[ 1, 1, 0, 0, 0, 0, 0, 0, 0, 0, 0, 0, 2, 8, 7, 0 ]
[ 3, 0, 0, 0, 0, 0, 0, 0, 0, 0, 0, 0, 4, 4, 0, 0 ]
[ 0, 0, 0, 0, 0, 0, 0, 0, 0, 0, 0, 0, 0, 0, 0, 0 ]
[ 0, 1, 0, 6, 23, 8, 0, 0, 0, 0, 0, 0, 0, 0, 0, 0 ]
[ 0, 0, 6, 2, 2, 15, 10, 2, 0, 6, 7, 18, 23, 0, 0, 0 ]
[ 0, 1, 0, 6, 27, 0, 1, 14, 12, 8, 9, 0, 45, 12, 0, 0 ]
[ 0, 8, 1, 0, 8, 7, 4, 10, 11, 3, 9, 23, 0, 14, 0, 0 ]
[ 0, 10, 9, 0, 0, 0, 0, 0, 0, 0, 0, 13, 10, 0, 0, 0 ]
[ 0, 3, 49, 203, 60, 0, 0, 0, 0, 0, 0, 0, 0, 0, 0, 0 ]
[ 0, 0, 0, 30, 245, 153, 20, 0, 0, 0, 0, 0, 0, 0, 0, 0 ]
[ 0, 0, 0, 0, 0, 100, 155, 111, 26, 0, 0, 0, 0, 0, 0, 0 ]
[ 0, 0, 0, 0, 0, 32, 13, 47, 117, 140, 117, 61, 0, 0, 0, 0 ]
[ 3, 0, 0, 0, 0, 22, 53, 0, 0, 10, 20, 103, 82, 42, 38, 0 ]
[ 43, 0, 0, 5, 0, 0, 0, 0, 8, 0, 0, 0, 0, 13, 11, 0 ]
[ 37, 50, 49, 51, 52, 52, 45, 59, 45, 51, 39, 53, 35, 26, 40, 4 ]
[ 23, 32, 21, 22, 21, 27, 29, 32, 34, 34, 44, 39, 44, 25, 10, 4 ]
[ 0, 16, 12, 11, 4, 0, 3, 4, 3, 0, 4, 2, 0, 0, 0, 0 ]
[ 14, 0, 0, 0, 0, 1, 0, 0, 0, 0, 0, 0, 0, 0, 0, 0 ]
[ 0, 0, 25, 19, 8, 0, 7, 16, 4, 7, 2, 13, 8, 0, 0, 53 ]
[ 0, 0, 2, 42, 16, 0, 5, 7, 1, 0, 1, 19, 0, 0, 0, 43 ]
[ 0, 0, 0, 71, 0, 11, 6, 0, 0, 0, 0, 0, 0, 0, 0, 43 ]
[ 0, 0, 9, 68, 0, 0, 8, 0, 0, 2, 10, 0, 13, 0, 0, 43 ]
[ 0, 0, 7, 7, 12, 0, 3, 0, 0, 8, 3, 0, 0, 0, 0, 43 ]
[ 0, 0, 11, 3, 6, 0, 0, 0, 0, 0, 0, 0, 0, 0, 0, 41 ]
[ 0, 10, 35, 13, 0, 0, 0, 0, 0, 0, 0, 0, 0, 0, 0, 44 ]
[ 0, 0, 0, 12, 45, 2, 0, 0, 0, 2, 2, 0, 0, 0, 0, 42 ]
[ 0, 0, 0, 0, 70, 50, 0, 0, 0, 0, 0, 0, 0, 0, 0, 40 ]
[ 0, 0, 0, 0, 88, 75, 1, 0, 0, 2, 4, 0, 0, 0, 0, 38 ]
[ 0, 0, 0, 10, 81, 16, 33, 7, 0, 40, 0, 14, 5, 0, 0, 34 ]
[ 0, 0, 0, 3, 0, 5, 6, 0, 2, 5, 0, 0, 0, 3, 0, 35 ]
[ 0, 1, 3, 3, 3, 3, 0, 0, 0, 0, 0, 0, 0, 0, 6, 18 ]
[ 0, 0, 0, 6, 1, 5, 0, 0, 0, 5, 2, 0, 0, 6, 5, 4 ]
[ 0, 1, 0, 2, 5, 3, 0, 1, 0, 4, 0, 3, 9, 0, 4, 44 ]
[ 3, 0, 0, 0, 1, 0, 0, 0, 0, 0, 8, 6, 0, 8, 47, 8 ]
[ 109, 11, 0, 0, 0, 0, 0, 0, 0, 0, 0, 0, 0, 5, 0, 17 ]
[ 75, 0, 0, 0, 5, 0, 0, 0, 0, 0, 0, 0, 4, 0, 0, 0 ]
[ 62, 0, 0, 0, 1, 1, 0, 2, 1, 1, 0, 23, 17, 0, 0, 0 ]
[ 69, 0, 0, 8, 5, 0, 0, 0, 0, 0, 0, 0, 15, 14, 0, 0 ]
[ 63, 0, 0, 8, 0, 0, 0, 0, 0, 0, 0, 5, 28, 0, 0, 0 ]
[ 58, 0, 0, 0, 0, 0, 0, 0, 0, 0, 0, 13, 0, 0, 0, 0 ]
[ 50, 0, 0, 8, 3, 0, 0, 0, 0, 0, 0, 0, 0, 0, 0, 0 ]
[ 60, 0, 0, 0, 7, 7, 0, 0, 0, 0, 0, 0, 0, 0, 0, 0 ]
[ 67, 0, 0, 0, 0, 0, 1, 0, 0, 0, 0, 0, 0, 0, 0, 0 ]
[ 63, 0, 0, 0, 0, 8, 11, 0, 0, 2, 7, 7, 0, 0, 0, 0 ]
[ 62, 0, 0, 0, 0, 8, 0, 75, 60, 0, 24, 1, 96, 70, 6, 0 ]
[ 69, 0, 0, 0, 1, 0, 1, 56, 1, 0, 8, 0, 36, 0, 0, 0 ]
[ 13, 0, 0, 0, 0, 0, 0, 0, 0, 0, 0, 0, 0, 0, 0, 0 ]
[ 10, 0, 0, 0, 0, 0, 0, 0, 0, 0, 0, 1, 0, 0, 65, 44 ]
[ 0, 0, 0, 1, 0, 2, 1, 0, 0, 1, 4, 0, 5, 124, 109, 0 ]
[ 7, 0, 0, 0, 0, 14, 0, 0, 0, 0, 0, 2, 65, 40, 0, 0 ]
[ 0, 0, 2, 0, 0, 0, 0, 0, 0, 0, 0, 0, 0, 0, 0, 8 ]
[ 0, 0, 4, 33, 13, 1, 2, 3, 2, 5, 6, 10, 0, 3, 5, 3 ]
[ 0, 0, 0, 45, 30, 38, 33, 29, 25, 26, 31, 17, 0, 1, 4, 4 ]
[ 0, 0, 13, 70, 35, 32, 40, 34, 26, 26, 32, 25, 25, 0, 0, 3 ]
[ 0, 0, 8, 33, 34, 21, 20, 21, 21, 30, 30, 18, 11, 0, 0, 2 ]
[ 0, 0, 0, 3, 9, 9, 9, 9, 14, 13, 12, 1, 0, 0, 0, 1 ]
[ 0, 7, 14, 0, 0, 0, 0, 0, 2, 1, 1, 0, 0, 0, 0, 3 ]
[ 0, 6, 24, 47, 29, 0, 0, 0, 1, 4, 5, 1, 0, 1, 0, 2 ]
[ 0, 0, 1, 12, 46, 38, 0, 0, 0, 0, 0, 0, 0, 0, 0, 1 ]
[ 0, 2, 4, 0, 33, 43, 0, 5, 5, 0, 0, 0, 0, 0, 0, 1 ]
[ 0, 2, 1, 11, 59, 34, 20, 1, 0, 34, 10, 11, 2, 0, 0, 0 ]
[ 0, 0, 0, 0, 0, 1, 12, 0, 0, 10, 2, 5, 0, 0, 0, 0 ]
[ 0, 0, 0, 0, 0, 0, 0, 0, 0, 0, 0, 0, 0, 0, 0, 0 ]
[ 0, 0, 0, 0, 0, 1, 0, 0, 1, 5, 4, 2, 4, 4, 0, 0 ]
[ 0, 8, 6, 5, 6, 7, 4, 5, 2, 6, 3, 4, 3, 0, 0, 1 ]
[ 0, 0, 0, 0, 0, 0, 0, 0, 0, 0, 0, 0, 0, 0, 0, 0 ]
[ 1, 0, 0, 0, 0, 0, 0, 0, 0, 0, 0, 0, 0, 0, 0, 0 ]
[ 2, 0, 0, 0, 7, 0, 0, 0, 0, 0, 0, 0, 0, 0, 0, 0 ]
[ 1, 0, 0, 2, 12, 25, 23, 20, 30, 34, 31, 38, 6, 2, 0, 0 ]
[ 5, 0, 0, 30, 4, 5, 3, 4, 16, 15, 18, 9, 34, 0, 0, 0 ]
[ 4, 0, 0, 0, 0, 0, 2, 3, 0, 0, 0, 1, 0, 0, 0, 0 ]
[ 1, 0, 0, 3, 20, 19, 21, 14, 18, 21, 16, 11, 0, 0, 1, 0 ]
[ 1, 16, 81, 51, 0, 0, 1, 1, 0, 0, 0, 0, 0, 0, 0, 0 ]
[ 1, 0, 0, 76, 92, 2, 0, 0, 0, 0, 0, 0, 0, 0, 0, 0 ]
[ 3, 0, 0, 0, 13, 37, 48, 14, 0, 0, 0, 0, 0, 0, 0, 0 ]
[ 1, 0, 0, 0, 0, 22, 6, 39, 74, 40, 39, 0, 0, 0, 0, 0 ]
[ 1, 0, 0, 5, 80, 90, 76, 67, 54, 53, 99, 129, 106, 50, 10, 0 ]
[ 3, 0, 0, 0, 0, 0, 0, 0, 0, 0, 0, 0, 0, 0, 0, 0 ]
[ 36, 48, 52, 48, 53, 49, 41, 31, 28, 22, 19, 15, 9, 13, 6, 13 ]
[ 16, 19, 20, 20, 19, 18, 19, 19, 28, 29, 34, 34, 34, 30, 75, 33 ]
[ 3, 10, 10, 10, 4, 16, 19, 16, 15, 19, 9, 2, 8, 42, 11, 15 ]
[ 0, 0, 0, 0, 0, 0, 0, 0, 0, 0, 0, 0, 13, 0, 25, 11 ]
[ 0, 0, 3, 0, 0, 0, 0, 0, 0, 0, 0, 0, 0, 0, 0, 28 ]
[ 0, 0, 0, 11, 0, 0, 3, 0, 0, 0, 0, 2, 0, 0, 0, 9 ]
[ 0, 0, 2, 14, 0, 4, 3, 0, 1, 0, 0, 0, 0, 0, 0, 11 ]
[ 0, 0, 20, 19, 0, 0, 0, 0, 0, 3, 0, 0, 1, 0, 0, 19 ]
[ 0, 0, 5, 0, 0, 0, 0, 0, 0, 0, 0, 0, 0, 0, 0, 16 ]
[ 0, 0, 0, 1, 0, 0, 0, 0, 0, 0, 0, 0, 0, 0, 0, 9 ]
[ 0, 12, 4, 0, 0, 0, 0, 0, 0, 0, 0, 0, 0, 0, 0, 19 ]
[ 0, 0, 0, 0, 0, 0, 0, 0, 0, 0, 0, 0, 0, 0, 0, 17 ]
[ 0, 0, 0, 0, 6, 7, 6, 3, 0, 0, 0, 0, 0, 0, 0, 13 ]
[ 0, 0, 0, 0, 54, 11, 7, 12, 10, 10, 8, 2, 1, 0, 0, 12 ]
[ 0, 0, 0, 23, 24, 0, 0, 0, 0, 0, 0, 1, 2, 0, 0, 16 ]
[ 3, 3, 5, 6, 0, 5, 0, 0, 7, 0, 0, 0, 2, 3, 0, 31 ]
[ 20, 26, 26, 27, 25, 26, 13, 6, 16, 12, 11, 9, 8, 9, 21, 45 ]
[ 12, 10, 12, 14, 14, 17, 13, 14, 20, 24, 22, 20, 23, 26, 13, 0 ]
[ 6, 6, 6, 3, 5, 2, 0, 0, 0, 0, 0, 0, 0, 0, 12, 45 ]
[ 11, 11, 10, 12, 10, 9, 15, 13, 14, 15, 17, 9, 0, 40, 62, 30 ]
[ 9, 3, 0, 0, 0, 0, 0, 0, 0, 0, 0, 0, 0, 0, 0, 0 ]
[ 18, 2, 0, 0, 0, 6, 7, 6, 5, 3, 4, 4, 0, 0, 0, 0 ]
[ 19, 2, 0, 0, 2, 1, 2, 1, 7, 6, 7, 8, 7, 0, 0, 0 ]
[ 18, 0, 0, 0, 0, 0, 0, 0, 0, 0, 0, 0, 0, 0, 0, 0 ]
[ 18, 0, 0, 0, 3, 4, 6, 5, 4, 5, 4, 2, 0, 0, 0, 0 ]
[ 17, 0, 10, 6, 2, 0, 0, 0, 0, 0, 0, 0, 0, 0, 0, 0 ]
[ 14, 0, 0, 10, 21, 17, 2, 0, 0, 0, 0, 0, 0, 0, 0, 0 ]
[ 13, 0, 0, 0, 0, 3, 20, 10, 1, 0, 0, 0, 0, 0, 0, 0 ]
[ 15, 0, 0, 0, 0, 0, 3, 18, 29, 20, 12, 3, 0, 0, 0, 0 ]
[ 14, 0, 0, 0, 0, 0, 0, 0, 0, 11, 24, 33, 29, 18, 5, 0 ]
[ 15, 0, 0, 0, 0, 0, 0, 0, 0, 0, 0, 0, 0, 0, 0, 0 ]
[ 26, 25, 21, 19, 21, 15, 21, 29, 25, 19, 21, 21, 24, 32, 25, 11 ]
[ 11, 4, 5, 7, 8, 9, 11, 14, 16, 19, 23, 25, 28, 30, 28, 11 ]
[ 13, 11, 12, 11, 9, 8, 8, 6, 4, 2, 2, 1, 0, 0, 0, 1 ]
[ 4, 0, 0, 0, 0, 0, 0, 0, 0, 0, 0, 0, 0, 0, 2, 7 ]
[ 5, 2, 2, 2, 2, 2, 3, 3, 2, 2, 2, 2, 5, 7, 8, 2 ]
[ 21, 45, 43, 37, 36, 47, 49, 44, 47, 48, 51, 46, 39, 42, 47, 8 ]
[ 31, 32, 23, 0, 0, 0, 0, 0, 0, 0, 0, 0, 4, 19, 18, 32 ]
[ 33, 33, 26, 0, 0, 0, 0, 0, 0, 0, 0, 0, 1, 13, 16, 32 ]
[ 36, 31, 14, 0, 0, 0, 0, 0, 0, 0, 0, 0, 0, 11, 20, 34 ]
[ 42, 29, 18, 0, 0, 0, 0, 0, 0, 0, 0, 0, 0, 18, 21, 35 ]
[ 44, 22, 12, 4, 3, 9, 7, 10, 10, 10, 7, 10, 24, 21, 23, 35 ]
[ 42, 16, 1, 0, 0, 4, 14, 22, 20, 21, 19, 20, 21, 21, 21, 34 ]
[ 41, 24, 6, 0, 0, 0, 0, 6, 13, 17, 15, 20, 19, 20, 21, 35 ]
[ 42, 28, 22, 15, 0, 0, 0, 0, 0, 1, 3, 11, 17, 21, 23, 35 ]
[ 40, 25, 19, 15, 0, 0, 0, 0, 0, 0, 0, 0, 0, 2, 12, 34 ]
[ 36, 22, 18, 6, 0, 0, 0, 0, 0, 0, 0, 0, 0, 0, 8, 37 ]
[ 20, 8, 4, 1, 0, 0, 0, 0, 8, 0, 3, 1, 1, 7, 1, 28 ]
[ 19, 3, 0, 0, 0, 0, 0, 0, 3, 0, 2, 0, 2, 1, 0, 18 ]
[ 13, 0, 0, 0, 1, 0, 0, 0, 3, 0, 0, 0, 0, 0, 0, 8 ]
[ 12, 1, 1, 2, 2, 0, 4, 2, 7, 5, 4, 3, 0, 0, 0, 9 ]
[ 6, 1, 1, 1, 1, 1, 3, 2, 3, 2, 0, 0, 0, 4, 1, 1 ]
[ 0, 14, 10, 10, 14, 14, 11, 9, 8, 7, 8, 8, 3, 4, 8, 20 ]
[ 0, 25, 18, 1, 5, 15, 18, 13, 11, 8, 10, 9, 2, 6, 8, 13 ]
[ 0, 26, 33, 11, 0, 0, 0, 0, 0, 0, 0, 0, 1, 15, 10, 15 ]
[ 0, 23, 16, 0, 0, 0, 0, 0, 0, 1, 0, 0, 0, 9, 17, 22 ]
[ 0, 17, 20, 9, 1, 1, 0, 0, 1, 2, 0, 0, 2, 8, 17, 21 ]
[ 0, 24, 43, 34, 5, 0, 0, 0, 0, 0, 0, 0, 12, 13, 13, 18 ]
[ 0, 8, 7, 25, 51, 40, 19, 13, 11, 12, 14, 16, 17, 19, 18, 21 ]
[ 0, 7, 0, 0, 0, 32, 48, 34, 21, 16, 13, 15, 15, 16, 16, 21 ]
[ 0, 12, 11, 2, 0, 0, 19, 51, 63, 53, 38, 24, 18, 18, 18, 21 ]
[ 0, 10, 12, 19, 12, 0, 4, 0, 10, 31, 47, 67, 55, 39, 25, 22 ]
[ 0, 14, 16, 14, 0, 0, 0, 0, 0, 0, 0, 0, 0, 0, 9, 25 ]
[ 7, 55, 55, 56, 37, 32, 23, 24, 31, 28, 28, 27, 27, 32, 43, 47 ]
[ 0, 29, 27, 26, 24, 26, 26, 32, 46, 50, 54, 56, 61, 61, 56, 49 ]
[ 4, 26, 28, 24, 22, 19, 19, 18, 18, 14, 12, 12, 11, 11, 2, 1 ]
[ 0, 0, 0, 0, 0, 0, 0, 0, 0, 0, 0, 0, 0, 0, 2, 11 ]
[ 0, 5, 6, 5, 3, 1, 4, 2, 3, 3, 3, 0, 0, 10, 18, 11 ]
[ 20, 0, 0, 0, 0, 0, 0, 0, 0, 0, 0, 0, 0, 0, 0, 0 ]
[ 36, 0, 0, 0, 2, 0, 0, 0, 0, 0, 0, 1, 8, 0, 0, 0 ]
[ 34, 0, 0, 0, 3, 0, 0, 1, 0, 0, 0, 0, 27, 0, 0, 0 ]
[ 27, 0, 0, 0, 5, 0, 0, 0, 0, 0, 0, 0, 16, 15, 0, 0 ]
[ 28, 0, 0, 0, 0, 0, 0, 0, 0, 0, 0, 9, 0, 2, 0, 0 ]
[ 34, 0, 0, 5, 0, 0, 0, 0, 0, 0, 0, 0, 0, 0, 0, 0 ]
[ 36, 0, 0, 21, 31, 5, 0, 0, 0, 0, 0, 0, 0, 0, 0, 0 ]
[ 38, 0, 0, 0, 11, 64, 28, 0, 0, 0, 0, 0, 0, 0, 0, 0 ]
[ 39, 0, 0, 0, 0, 11, 22, 35, 15, 2, 0, 0, 0, 0, 0, 0 ]
[ 40, 0, 0, 0, 0, 8, 7, 0, 6, 8, 20, 24, 10, 0, 0, 0 ]
[ 40, 0, 0, 0, 0, 0, 3, 6, 0, 0, 0, 0, 20, 4, 5, 0 ]
[ 45, 0, 0, 0, 0, 0, 0, 0, 0, 0, 0, 0, 0, 0, 0, 0 ]
[ 10, 0, 0, 0, 0, 0, 0, 1, 0, 0, 0, 0, 0, 0, 0, 0 ]
[ 4, 2, 0, 0, 0, 0, 0, 0, 0, 0, 0, 0, 0, 0, 4, 3 ]
[ 1, 2, 0, 0, 0, 0, 0, 0, 0, 0, 0, 0, 1, 6, 1, 0 ]
[ 4, 3, 0, 0, 0, 10, 0, 0, 0, 0, 0, 4, 24, 2, 0, 0 ]
[ 57, 29, 14, 10, 18, 25, 19, 20, 23, 24, 24, 20, 28, 28, 23, 45 ]
[ 34, 0, 0, 0, 0, 0, 0, 0, 0, 0, 0, 0, 0, 0, 0, 9 ]
[ 35, 0, 0, 0, 0, 0, 0, 0, 0, 0, 0, 0, 0, 0, 0, 9 ]
[ 36, 0, 0, 0, 0, 0, 0, 0, 0, 0, 0, 0, 0, 0, 0, 7 ]
[ 41, 0, 0, 0, 0, 0, 0, 0, 0, 0, 0, 0, 0, 0, 0, 8 ]
[ 45, 0, 0, 0, 0, 0, 0, 0, 0, 0, 0, 0, 0, 0, 0, 9 ]
[ 48, 0, 0, 0, 0, 0, 0, 0, 0, 0, 0, 0, 0, 0, 0, 7 ]
[ 49, 0, 0, 0, 0, 0, 0, 0, 0, 0, 0, 0, 0, 0, 0, 7 ]
[ 46, 0, 0, 0, 0, 0, 0, 0, 0, 0, 0, 0, 0, 0, 0, 8 ]
[ 45, 0, 0, 0, 0, 0, 0, 0, 0, 0, 0, 0, 0, 0, 0, 9 ]
[ 41, 0, 0, 0, 0, 0, 0, 12, 24, 0, 0, 0, 1, 3, 0, 8 ]
[ 6, 0, 0, 0, 0, 0, 0, 0, 0, 0, 0, 0, 0, 0, 0, 3 ]
[ 2, 0, 0, 0, 0, 0, 0, 0, 0, 0, 0, 0, 0, 0, 0, 0 ]
[ 1, 0, 0, 0, 0, 0, 0, 0, 0, 0, 0, 0, 0, 0, 0, 16 ]
[ 4, 0, 0, 0, 0, 0, 0, 0, 0, 0, 0, 0, 1, 5, 0, 3 ]
[ 0, 0, 0, 0, 0, 0, 0, 0, 0, 0, 0, 0, 0, 0, 0, 0 ]
[ 32, 40, 29, 25, 27, 28, 24, 23, 22, 23, 24, 23, 23, 22, 22, 16 ]
[ 17, 33, 24, 3, 1, 2, 0, 0, 0, 2, 1, 1, 2, 13, 11, 5 ]
[ 17, 32, 41, 7, 1, 2, 1, 0, 1, 1, 0, 3, 3, 14, 15, 5 ]
[ 17, 30, 27, 1, 0, 5, 6, 7, 8, 9, 6, 8, 4, 11, 23, 10 ]
[ 17, 27, 35, 36, 34, 35, 36, 37, 33, 36, 31, 29, 16, 17, 22, 10 ]
[ 17, 26, 36, 31, 8, 1, 0, 0, 0, 1, 2, 10, 21, 19, 19, 8 ]
[ 15, 20, 22, 38, 42, 32, 23, 18, 16, 14, 17, 18, 20, 22, 21, 9 ]
[ 16, 9, 0, 0, 7, 35, 36, 26, 20, 17, 17, 18, 19, 20, 22, 10 ]
[ 16, 12, 12, 2, 0, 6, 33, 46, 46, 40, 32, 23, 20, 21, 22, 10 ]
[ 15, 11, 12, 18, 2, 0, 9, 12, 24, 41, 60, 55, 46, 30, 22, 8 ]
[ 16, 15, 17, 14, 0, 0, 3, 2, 0, 0, 5, 9, 14, 12, 16, 9 ]
[ 26, 48, 47, 47, 35, 27, 22, 32, 32, 26, 31, 29, 32, 39, 43, 23 ]
[ 11, 28, 24, 24, 25, 27, 29, 34, 40, 46, 47, 52, 51, 51, 48, 28 ]
[ 10, 24, 23, 19, 17, 15, 16, 15, 13, 12, 11, 11, 12, 14, 9, 4 ]
[ 0, 1, 1, 0, 0, 0, 0, 0, 0, 0, 0, 0, 0, 1, 8, 4 ]
[ 5, 6, 8, 6, 5, 6, 6, 6, 7, 6, 4, 3, 12, 21, 10, 2 ]
[ 0, 0, 0, 0, 0, 0, 0, 0, 0, 0, 0, 0, 0, 0, 0, 0 ]
[ 0, 0, 0, 5, 15, 23, 18, 18, 21, 17, 17, 14, 0, 0, 0, 0 ]
[ 0, 0, 0, 0, 2, 14, 15, 13, 12, 9, 8, 5, 0, 0, 0, 0 ]
[ 0, 0, 3, 30, 14, 8, 12, 15, 19, 21, 19, 15, 16, 0, 0, 0 ]
[ 0, 0, 0, 0, 0, 0, 0, 0, 0, 0, 0, 0, 0, 0, 0, 0 ]
[ 0, 0, 0, 0, 0, 0, 0, 0, 0, 0, 0, 0, 0, 0, 0, 0 ]
[ 0, 0, 9, 30, 17, 0, 0, 0, 0, 0, 0, 0, 0, 0, 0, 0 ]
[ 0, 0, 0, 0, 27, 32, 7, 0, 0, 0, 0, 0, 0, 0, 0, 0 ]
[ 0, 0, 0, 0, 0, 10, 46, 37, 14, 0, 0, 0, 0, 0, 0, 0 ]
[ 0, 0, 0, 0, 0, 1, 13, 27, 50, 59, 51, 29, 15, 0, 0, 0 ]
[ 0, 0, 0, 0, 0, 3, 28, 24, 1, 10, 22, 49, 36, 12, 0, 0 ]
[ 14, 8, 8, 9, 5, 0, 0, 0, 2, 0, 0, 0, 0, 0, 0, 0 ]
[ 14, 11, 8, 8, 8, 7, 3, 8, 7, 5, 7, 9, 9, 7, 15, 5 ]
[ 12, 9, 5, 6, 7, 8, 8, 10, 10, 9, 11, 10, 14, 22, 14, 0 ]
[ 0, 1, 1, 0, 0, 0, 1, 1, 1, 0, 0, 0, 1, 0, 1, 3 ]
[ 11, 7, 8, 8, 8, 10, 10, 9, 11, 8, 7, 5, 6, 16, 15, 3 ]
[ 0, 0, 0, 0, 0, 0, 0, 0, 0, 0, 0, 0, 0, 0, 0, 0 ]
[ 0, 0, 0, 0, 0, 0, 0, 0, 0, 0, 0, 0, 0, 0, 0, 0 ]
[ 0, 0, 0, 0, 0, 0, 0, 0, 0, 0, 0, 0, 0, 0, 0, 0 ]
[ 0, 0, 0, 0, 0, 0, 0, 0, 0, 0, 0, 0, 0, 0, 0, 0 ]
[ 0, 0, 0, 0, 0, 0, 0, 0, 0, 0, 0, 0, 0, 0, 0, 0 ]
[ 0, 0, 0, 0, 0, 0, 0, 0, 0, 0, 0, 0, 0, 0, 0, 0 ]
[ 0, 0, 0, 0, 0, 0, 0, 0, 0, 0, 0, 0, 0, 0, 0, 0 ]
[ 0, 0, 0, 0, 0, 0, 0, 0, 0, 0, 0, 0, 0, 0, 0, 0 ]
[ 0, 0, 0, 0, 0, 0, 0, 0, 0, 0, 0, 0, 0, 0, 0, 0 ]
[ 0, 0, 0, 0, 0, 0, 0, 0, 0, 0, 0, 0, 0, 0, 0, 0 ]
[ 0, 0, 0, 0, 0, 0, 0, 0, 0, 0, 0, 0, 0, 0, 0, 0 ]
[ 0, 0, 0, 0, 0, 0, 0, 0, 0, 0, 0, 0, 0, 0, 0, 0 ]
[ 0, 0, 0, 0, 0, 0, 0, 0, 0, 0, 0, 0, 0, 0, 0, 0 ]
[ 0, 0, 0, 0, 0, 0, 0, 0, 0, 0, 0, 0, 0, 0, 0, 0 ]
[ 0, 0, 0, 0, 0, 0, 0, 0, 0, 0, 0, 0, 0, 0, 0, 0 ]
[ 1, 2, 2, 2, 5, 4, 4, 5, 8, 4, 6, 10, 5, 0, 0, 0 ]
[ 0, 12, 9, 0, 3, 12, 11, 7, 9, 8, 10, 7, 3, 2, 5, 22 ]
[ 0, 21, 17, 0, 0, 0, 0, 0, 0, 0, 0, 0, 0, 5, 8, 42 ]
[ 0, 22, 26, 0, 0, 0, 0, 0, 0, 0, 0, 0, 0, 7, 7, 44 ]
[ 0, 20, 14, 0, 0, 0, 0, 0, 0, 0, 0, 0, 0, 2, 11, 48 ]
[ 0, 15, 12, 0, 0, 0, 0, 0, 0, 0, 0, 0, 0, 4, 13, 47 ]
[ 0, 12, 6, 6, 0, 0, 0, 0, 0, 0, 0, 0, 6, 10, 11, 45 ]
[ 0, 6, 0, 0, 0, 8, 15, 14, 10, 11, 9, 11, 11, 11, 13, 47 ]
[ 0, 10, 2, 0, 0, 0, 0, 7, 11, 10, 6, 10, 11, 10, 12, 46 ]
[ 0, 10, 9, 11, 3, 0, 0, 0, 0, 3, 4, 11, 12, 11, 13, 47 ]
[ 0, 8, 7, 17, 7, 0, 0, 0, 0, 0, 0, 0, 0, 4, 12, 49 ]
[ 0, 9, 7, 7, 0, 0, 0, 0, 0, 0, 0, 0, 0, 0, 0, 49 ]
[ 0, 1, 0, 0, 0, 0, 0, 0, 0, 0, 0, 0, 0, 4, 1, 45 ]
[ 0, 0, 0, 0, 0, 0, 0, 0, 0, 0, 0, 0, 1, 0, 0, 24 ]
[ 0, 0, 0, 0, 0, 0, 0, 0, 0, 0, 0, 0, 0, 0, 0, 0 ]
[ 0, 0, 0, 0, 0, 0, 0, 0, 0, 0, 0, 0, 0, 0, 0, 0 ]
[ 0, 0, 0, 0, 0, 0, 0, 0, 0, 0, 0, 0, 0, 0, 0, 0 ]
[ 0, 1, 15, 0, 0, 0, 1, 0, 0, 0, 0, 0, 0, 0, 0, 49 ]
[ 0, 0, 29, 71, 3, 0, 0, 0, 0, 0, 0, 0, 0, 0, 0, 40 ]
[ 0, 0, 8, 63, 24, 8, 3, 0, 0, 0, 0, 0, 0, 6, 0, 41 ]
[ 0, 0, 39, 76, 0, 1, 22, 4, 0, 1, 0, 5, 6, 0, 0, 38 ]
[ 0, 0, 13, 58, 32, 9, 11, 12, 4, 26, 14, 0, 11, 2, 0, 39 ]
[ 0, 0, 0, 13, 39, 19, 5, 7, 15, 16, 14, 5, 0, 3, 0, 37 ]
[ 0, 50, 73, 16, 0, 6, 5, 0, 6, 10, 4, 5, 2, 0, 0, 41 ]
[ 0, 8, 66, 184, 89, 0, 0, 1, 9, 9, 7, 0, 1, 3, 0, 39 ]
[ 0, 0, 2, 28, 199, 80, 2, 0, 0, 2, 3, 5, 4, 3, 0, 39 ]
[ 0, 0, 2, 8, 126, 90, 5, 7, 12, 0, 0, 0, 0, 3, 3, 39 ]
[ 0, 2, 0, 45, 127, 133, 54, 0, 19, 94, 46, 49, 0, 0, 0, 19 ]
[ 0, 0, 0, 0, 3, 20, 48, 2, 0, 36, 0, 24, 12, 0, 1, 22 ]
[ 0, 0, 0, 0, 0, 0, 0, 0, 0, 0, 0, 0, 0, 0, 0, 2 ]
[ 0, 0, 0, 0, 0, 0, 0, 0, 0, 0, 0, 0, 0, 0, 0, 0 ]
[ 0, 2, 0, 1, 1, 1, 3, 2, 2, 8, 5, 3, 3, 0, 0, 25 ]
[ 0, 0, 0, 0, 0, 0, 0, 1, 0, 1, 10, 2, 0, 1, 29, 7 ]
[ 1, 1, 6, 10, 4, 4, 0, 0, 0, 0, 0, 0, 0, 0, 1, 44 ]
[ 9, 8, 28, 32, 21, 45, 42, 38, 38, 28, 30, 14, 3, 3, 3, 52 ]
[ 13, 5, 52, 41, 4, 0, 0, 0, 0, 0, 0, 0, 0, 7, 3, 51 ]
[ 12, 4, 54, 12, 3, 0, 2, 0, 5, 14, 7, 7, 0, 4, 5, 55 ]
[ 16, 3, 24, 4, 0, 1, 3, 5, 2, 5, 0, 1, 0, 1, 6, 56 ]
[ 18, 11, 18, 19, 5, 0, 0, 0, 0, 0, 0, 0, 0, 3, 7, 57 ]
[ 17, 20, 25, 48, 52, 29, 11, 6, 3, 4, 3, 2, 2, 4, 6, 55 ]
[ 13, 12, 9, 9, 10, 34, 40, 22, 9, 4, 0, 1, 1, 1, 6, 57 ]
[ 15, 10, 6, 22, 19, 0, 15, 38, 44, 29, 15, 11, 6, 6, 8, 58 ]
[ 14, 5, 1, 23, 42, 9, 5, 0, 4, 22, 42, 52, 34, 20, 12, 56 ]
[ 11, 6, 2, 24, 10, 1, 4, 0, 0, 0, 0, 0, 0, 6, 9, 54 ]
[ 20, 26, 19, 24, 18, 18, 11, 12, 18, 14, 10, 11, 12, 14, 14, 55 ]
[ 6, 4, 0, 0, 0, 0, 2, 8, 17, 22, 27, 28, 34, 34, 29, 49 ]
[ 11, 15, 14, 12, 10, 9, 10, 10, 9, 7, 6, 4, 4, 6, 0, 14 ]
[ 2, 0, 0, 0, 0, 0, 0, 0, 0, 0, 0, 0, 0, 0, 2, 27 ]
[ 1, 2, 3, 4, 1, 1, 4, 2, 3, 4, 3, 0, 0, 15, 19, 12 ]
[ 0, 0, 0, 0, 0, 0, 0, 0, 0, 0, 0, 0, 0, 0, 0, 0 ]
[ 0, 0, 0, 0, 1, 0, 0, 0, 0, 0, 0, 0, 0, 0, 0, 1 ]
[ 0, 0, 0, 0, 0, 17, 13, 11, 18, 23, 24, 18, 0, 0, 0, 0 ]
[ 0, 0, 3, 18, 0, 2, 0, 0, 8, 8, 9, 8, 18, 0, 0, 1 ]
[ 0, 0, 0, 0, 14, 14, 20, 18, 10, 16, 17, 7, 0, 0, 0, 2 ]
[ 0, 0, 0, 5, 18, 18, 15, 11, 17, 17, 13, 3, 0, 0, 0, 1 ]
[ 0, 28, 56, 22, 0, 0, 0, 0, 0, 0, 0, 0, 0, 0, 0, 1 ]
[ 0, 0, 0, 26, 12, 0, 0, 0, 0, 0, 0, 0, 1, 1, 0, 3 ]
[ 0, 0, 0, 0, 0, 0, 10, 1, 0, 0, 0, 0, 0, 0, 0, 0 ]
[ 0, 0, 0, 0, 9, 22, 0, 20, 44, 35, 28, 0, 0, 0, 0, 1 ]
[ 0, 0, 0, 11, 81, 36, 49, 32, 29, 42, 51, 87, 66, 26, 0, 0 ]
[ 0, 0, 0, 0, 0, 0, 0, 0, 0, 0, 0, 0, 0, 0, 0, 0 ]
[ 22, 41, 45, 46, 47, 43, 35, 22, 13, 7, 3, 0, 0, 0, 0, 14 ]
[ 11, 18, 18, 17, 16, 16, 16, 15, 21, 24, 29, 27, 31, 36, 39, 13 ]
[ 0, 7, 9, 6, 6, 14, 13, 13, 13, 15, 4, 3, 4, 5, 0, 16 ]
[ 1, 0, 0, 0, 0, 0, 0, 0, 1, 0, 1, 0, 0, 13, 19, 4 ]
[ 0, 28, 21, 18, 21, 25, 22, 21, 22, 23, 24, 23, 25, 25, 22, 17 ]
[ 0, 17, 9, 0, 0, 0, 0, 0, 0, 0, 0, 0, 0, 2, 3, 36 ]
[ 0, 17, 21, 0, 0, 0, 0, 0, 0, 0, 0, 0, 0, 0, 2, 36 ]
[ 0, 18, 11, 0, 0, 0, 0, 0, 0, 0, 0, 0, 0, 0, 7, 41 ]
[ 0, 18, 13, 2, 6, 11, 12, 13, 10, 10, 8, 6, 0, 3, 7, 42 ]
[ 0, 5, 2, 1, 3, 3, 2, 2, 3, 2, 0, 3, 6, 7, 9, 42 ]
[ 0, 3, 0, 0, 0, 0, 7, 11, 7, 6, 6, 5, 7, 6, 7, 40 ]
[ 0, 2, 1, 0, 0, 0, 0, 0, 2, 2, 4, 4, 6, 6, 9, 44 ]
[ 0, 0, 2, 2, 0, 0, 0, 0, 0, 0, 0, 3, 5, 7, 10, 45 ]
[ 0, 0, 0, 2, 0, 0, 0, 0, 0, 0, 0, 0, 0, 0, 3, 44 ]
[ 0, 0, 0, 1, 0, 0, 0, 0, 0, 0, 0, 0, 0, 0, 2, 44 ]
[ 0, 0, 0, 0, 0, 0, 0, 0, 2, 0, 6, 3, 1, 7, 7, 37 ]
[ 0, 7, 6, 5, 4, 2, 2, 6, 7, 5, 8, 7, 8, 8, 5, 31 ]
[ 0, 0, 0, 0, 0, 0, 0, 0, 0, 0, 0, 0, 0, 0, 0, 2 ]
[ 0, 0, 0, 0, 0, 0, 0, 0, 0, 0, 0, 0, 0, 0, 0, 0 ]
[ 0, 0, 0, 0, 0, 0, 0, 0, 0, 0, 0, 0, 0, 0, 0, 0 ]
[ 5, 0, 0, 0, 0, 0, 0, 0, 0, 0, 0, 0, 0, 0, 0, 0 ]
[ 0, 0, 0, 0, 0, 0, 0, 0, 0, 0, 0, 0, 0, 0, 0, 0 ]
[ 0, 0, 0, 0, 0, 0, 0, 0, 0, 0, 0, 0, 0, 0, 0, 0 ]
[ 0, 0, 0, 0, 0, 0, 0, 0, 0, 0, 0, 0, 0, 0, 0, 0 ]
[ 0, 0, 0, 0, 0, 0, 0, 0, 0, 0, 0, 0, 0, 0, 0, 0 ]
[ 0, 0, 0, 0, 0, 0, 0, 0, 0, 0, 0, 0, 0, 0, 0, 0 ]
[ 0, 0, 0, 0, 0, 0, 0, 0, 0, 0, 0, 0, 0, 0, 0, 0 ]
[ 0, 0, 0, 0, 0, 0, 0, 0, 0, 0, 0, 0, 0, 0, 0, 0 ]
[ 0, 0, 0, 0, 0, 0, 0, 0, 0, 0, 0, 0, 0, 0, 0, 0 ]
[ 0, 0, 0, 0, 0, 0, 0, 0, 0, 0, 0, 0, 0, 0, 0, 0 ]
[ 0, 0, 0, 0, 0, 0, 0, 0, 0, 0, 0, 0, 0, 0, 0, 0 ]
[ 0, 0, 0, 0, 0, 0, 0, 0, 0, 0, 0, 0, 0, 0, 0, 0 ]
[ 0, 0, 0, 0, 0, 0, 0, 0, 0, 0, 0, 0, 0, 0, 0, 0 ]
[ 0, 0, 0, 0, 0, 0, 0, 0, 0, 0, 0, 0, 0, 1, 12, 7 ]
[ 0, 0, 0, 0, 0, 0, 0, 0, 0, 0, 0, 1, 11, 25, 33, 11 ]
[ 0, 0, 0, 0, 0, 0, 0, 0, 0, 0, 0, 4, 28, 31, 18, 2 ]
[ 39, 11, 0, 0, 9, 5, 0, 0, 0, 0, 0, 0, 6, 4, 0, 0 ]
[ 51, 12, 0, 0, 0, 0, 0, 0, 0, 0, 0, 5, 3, 0, 0, 0 ]
[ 48, 8, 0, 0, 0, 0, 0, 9, 7, 0, 0, 10, 28, 0, 0, 0 ]
[ 38, 7, 0, 0, 1, 1, 0, 2, 1, 0, 3, 4, 17, 13, 0, 0 ]
[ 28, 0, 0, 0, 0, 0, 0, 0, 0, 0, 0, 16, 1, 0, 0, 0 ]
[ 35, 0, 0, 5, 0, 0, 0, 0, 0, 0, 0, 0, 0, 0, 0, 0 ]
[ 39, 0, 0, 7, 30, 13, 0, 0, 0, 0, 0, 0, 0, 0, 0, 0 ]
[ 48, 0, 0, 0, 7, 58, 47, 8, 0, 0, 0, 0, 0, 0, 0, 0 ]
[ 47, 0, 0, 0, 0, 6, 63, 67, 30, 6, 6, 0, 0, 0, 0, 0 ]
[ 48, 0, 0, 0, 0, 0, 3, 18, 31, 24, 43, 42, 23, 5, 0, 0 ]
[ 56, 0, 0, 0, 0, 0, 0, 0, 0, 0, 0, 0, 19, 15, 10, 0 ]
[ 67, 2, 0, 0, 0, 0, 0, 0, 5, 1, 2, 2, 0, 2, 1, 0 ]
[ 35, 15, 11, 11, 14, 17, 13, 18, 14, 11, 8, 15, 11, 3, 13, 2 ]
[ 23, 8, 8, 6, 4, 5, 7, 11, 10, 4, 10, 9, 10, 12, 7, 0 ]
[ 7, 0, 0, 0, 0, 0, 0, 0, 0, 0, 0, 0, 0, 0, 0, 0 ]
[ 13, 1, 1, 0, 0, 5, 1, 1, 3, 0, 0, 3, 9, 0, 0, 0 ]
[ 4, 29, 27, 17, 23, 22, 20, 20, 16, 17, 18, 22, 22, 21, 26, 28 ]
[ 0, 0, 0, 0, 0, 0, 0, 0, 0, 1, 1, 2, 0, 0, 0, 0 ]
[ 0, 0, 0, 0, 3, 0, 0, 0, 0, 0, 0, 0, 0, 0, 0, 0 ]
[ 0, 0, 0, 0, 4, 6, 2, 4, 10, 10, 12, 8, 8, 0, 0, 0 ]
[ 0, 0, 0, 11, 24, 18, 23, 19, 17, 20, 19, 12, 1, 0, 0, 0 ]
[ 0, 0, 3, 0, 0, 0, 0, 0, 0, 0, 0, 0, 0, 0, 0, 0 ]
[ 0, 2, 17, 26, 21, 1, 0, 0, 0, 0, 0, 0, 0, 0, 0, 0 ]
[ 0, 0, 0, 0, 6, 26, 7, 0, 0, 0, 0, 0, 0, 0, 0, 0 ]
[ 0, 0, 0, 0, 0, 3, 21, 29, 16, 2, 0, 0, 0, 0, 0, 0 ]
[ 0, 0, 0, 0, 19, 17, 0, 0, 14, 30, 49, 26, 15, 1, 0, 0 ]
[ 0, 0, 0, 0, 9, 0, 7, 5, 0, 0, 0, 11, 20, 4, 1, 0 ]
[ 2, 14, 16, 22, 29, 36, 32, 31, 31, 29, 30, 31, 26, 23, 17, 5 ]
[ 2, 13, 12, 10, 10, 15, 18, 14, 8, 11, 11, 14, 10, 2, 7, 9 ]
[ 1, 12, 11, 9, 8, 10, 10, 7, 5, 4, 5, 2, 4, 5, 3, 0 ]
[ 0, 0, 0, 0, 0, 0, 0, 0, 0, 0, 0, 0, 0, 0, 6, 13 ]
[ 10, 9, 8, 8, 9, 12, 14, 13, 15, 14, 13, 12, 13, 26, 22, 6 ]
[ 13, 22, 9, 1, 5, 9, 4, 2, 4, 4, 6, 3, 4, 6, 4, 8 ]
[ 43, 68, 56, 11, 17, 28, 30, 26, 29, 29, 31, 23, 40, 46, 47, 40 ]
[ 43, 66, 72, 14, 21, 22, 22, 23, 27, 28, 26, 18, 37, 49, 50, 41 ]
[ 43, 63, 59, 2, 25, 28, 23, 24, 29, 28, 21, 25, 24, 50, 55, 45 ]
[ 46, 60, 65, 43, 41, 49, 49, 49, 50, 49, 41, 47, 38, 53, 57, 45 ]
[ 47, 53, 49, 50, 39, 40, 38, 41, 41, 40, 37, 43, 53, 51, 54, 43 ]
[ 46, 49, 22, 9, 22, 43, 48, 52, 48, 47, 46, 50, 53, 52, 55, 44 ]
[ 46, 47, 23, 0, 0, 12, 39, 46, 49, 49, 47, 50, 51, 52, 57, 46 ]
[ 44, 47, 44, 33, 4, 1, 19, 31, 39, 45, 43, 48, 51, 52, 56, 44 ]
[ 42, 43, 45, 54, 19, 0, 5, 15, 21, 17, 30, 34, 41, 47, 54, 44 ]
[ 44, 46, 48, 54, 8, 0, 0, 0, 0, 0, 2, 1, 8, 30, 46, 47 ]
[ 37, 53, 53, 51, 31, 23, 10, 18, 42, 22, 28, 21, 32, 52, 61, 53 ]
[ 30, 47, 47, 46, 44, 42, 38, 46, 53, 50, 52, 53, 55, 57, 54, 53 ]
[ 15, 24, 27, 22, 21, 18, 19, 20, 24, 19, 20, 20, 21, 21, 8, 11 ]
[ 8, 12, 13, 9, 7, 5, 6, 3, 5, 2, 0, 0, 0, 0, 0, 5 ]
[ 4, 0, 2, 1, 0, 0, 0, 0, 0, 0, 0, 0, 0, 2, 2, 7 ]
[ 0, 0, 0, 0, 0, 0, 0, 0, 0, 0, 0, 0, 0, 0, 0, 0 ]
[ 0, 0, 0, 7, 22, 21, 19, 22, 21, 20, 19, 21, 1, 0, 0, 0 ]
[ 0, 0, 0, 3, 11, 29, 31, 33, 30, 27, 28, 21, 2, 0, 0, 0 ]
[ 0, 0, 0, 44, 53, 35, 34, 46, 43, 42, 50, 37, 36, 0, 0, 0 ]
[ 0, 0, 0, 0, 0, 0, 0, 0, 0, 0, 0, 0, 0, 0, 0, 0 ]
[ 0, 0, 0, 0, 0, 0, 0, 0, 0, 0, 0, 0, 0, 0, 0, 0 ]
[ 0, 0, 0, 0, 0, 0, 0, 0, 0, 0, 0, 0, 0, 0, 0, 0 ]
[ 0, 0, 0, 0, 0, 0, 0, 0, 0, 0, 0, 0, 0, 0, 0, 0 ]
[ 0, 0, 0, 0, 0, 0, 0, 0, 0, 0, 0, 0, 0, 0, 0, 0 ]
[ 0, 0, 0, 0, 0, 0, 13, 13, 6, 0, 0, 0, 0, 0, 0, 0 ]
[ 0, 0, 0, 0, 0, 0, 16, 38, 7, 3, 2, 8, 19, 1, 0, 0 ]
[ 0, 0, 0, 0, 0, 0, 0, 0, 0, 0, 0, 0, 0, 0, 0, 0 ]
[ 0, 0, 0, 0, 0, 0, 0, 0, 0, 0, 0, 0, 0, 0, 0, 0 ]
[ 0, 0, 0, 0, 0, 0, 0, 0, 0, 0, 0, 0, 0, 5, 9, 1 ]
[ 0, 0, 0, 0, 0, 0, 0, 1, 0, 0, 0, 2, 12, 3, 0, 0 ]
[ 4, 3, 4, 4, 5, 1, 1, 4, 2, 1, 4, 6, 0, 0, 0, 0 ]
[ 0, 0, 0, 0, 0, 0, 0, 0, 0, 0, 0, 0, 0, 0, 0, 0 ]
[ 8, 0, 0, 0, 0, 0, 0, 0, 0, 0, 0, 0, 0, 0, 0, 0 ]
[ 10, 0, 0, 0, 0, 0, 0, 0, 0, 1, 1, 0, 0, 0, 0, 0 ]
[ 14, 0, 0, 0, 0, 0, 0, 0, 0, 0, 0, 0, 0, 0, 0, 0 ]
[ 21, 0, 0, 0, 0, 6, 10, 8, 2, 4, 5, 0, 0, 0, 0, 0 ]
[ 13, 0, 0, 0, 4, 9, 6, 4, 8, 7, 3, 0, 0, 0, 0, 0 ]
[ 21, 15, 51, 34, 0, 0, 0, 0, 0, 0, 0, 0, 0, 0, 0, 0 ]
[ 12, 0, 0, 17, 22, 0, 0, 0, 0, 0, 0, 0, 0, 0, 0, 0 ]
[ 13, 0, 0, 0, 0, 0, 0, 0, 0, 0, 0, 0, 0, 0, 0, 0 ]
[ 10, 0, 0, 0, 0, 5, 0, 0, 23, 37, 20, 0, 0, 0, 0, 0 ]
[ 6, 0, 0, 0, 21, 57, 84, 67, 53, 39, 74, 95, 67, 31, 0, 0 ]
[ 0, 0, 0, 0, 0, 0, 0, 0, 0, 0, 0, 0, 0, 0, 0, 0 ]
[ 19, 23, 24, 26, 27, 27, 25, 10, 0, 0, 0, 0, 0, 0, 0, 0 ]
[ 9, 9, 8, 5, 5, 5, 4, 2, 0, 5, 6, 7, 9, 19, 26, 14 ]
[ 3, 0, 0, 0, 1, 6, 10, 6, 11, 12, 3, 0, 2, 5, 0, 0 ]
[ 0, 0, 0, 0, 0, 0, 0, 0, 0, 0, 0, 0, 0, 5, 0, 0 ]
[ 52, 69, 62, 64, 71, 71, 69, 69, 67, 71, 71, 72, 68, 62, 66, 69 ]
[ 1, 1, 5, 14, 18, 32, 37, 36, 38, 38, 36, 33, 24, 3, 0, 0 ]
[ 0, 0, 0, 16, 30, 30, 29, 30, 44, 48, 47, 44, 29, 12, 4, 0 ]
[ 0, 0, 0, 0, 0, 0, 0, 0, 0, 0, 0, 0, 0, 0, 0, 0 ]
[ 0, 0, 1, 27, 26, 28, 29, 29, 33, 34, 34, 27, 35, 0, 0, 0 ]
[ 0, 12, 28, 27, 29, 21, 21, 20, 22, 22, 19, 15, 0, 0, 0, 0 ]
[ 0, 0, 0, 17, 49, 41, 5, 0, 0, 3, 3, 6, 3, 4, 8, 0 ]
[ 0, 15, 25, 14, 0, 4, 43, 33, 3, 0, 0, 0, 1, 0, 0, 0 ]
[ 0, 0, 0, 0, 2, 0, 0, 19, 45, 53, 33, 12, 1, 0, 0, 0 ]
[ 0, 0, 0, 3, 2, 6, 11, 9, 0, 0, 28, 47, 58, 43, 18, 0 ]
[ 0, 0, 0, 0, 0, 0, 0, 0, 11, 0, 0, 0, 0, 1, 0, 0 ]
[ 30, 51, 49, 46, 73, 64, 81, 79, 42, 57, 53, 63, 61, 42, 40, 7 ]
[ 18, 19, 23, 29, 33, 33, 36, 29, 19, 19, 19, 13, 10, 11, 3, 0 ]
[ 4, 13, 10, 0, 0, 0, 0, 0, 0, 0, 0, 0, 0, 0, 0, 28 ]
[ 3, 3, 2, 1, 4, 2, 0, 0, 0, 0, 0, 0, 0, 15, 52, 7 ]
[ 10, 12, 14, 13, 12, 24, 28, 25, 28, 29, 17, 10, 24, 42, 0, 0 ]
[ 0, 0, 0, 0, 0, 0, 0, 0, 0, 0, 0, 0, 0, 0, 0, 1 ]
[ 0, 0, 0, 0, 0, 0, 0, 0, 0, 0, 0, 0, 0, 0, 0, 0 ]
[ 0, 0, 0, 0, 1, 0, 0, 0, 0, 0, 0, 0, 0, 0, 0, 0 ]
[ 0, 0, 0, 0, 0, 0, 0, 0, 0, 0, 0, 0, 1, 0, 0, 0 ]
[ 0, 0, 0, 0, 0, 0, 0, 0, 0, 0, 0, 0, 0, 0, 0, 0 ]
[ 0, 0, 0, 0, 0, 0, 0, 0, 0, 0, 0, 0, 0, 0, 0, 0 ]
[ 0, 0, 16, 23, 0, 0, 0, 0, 0, 0, 0, 0, 0, 0, 0, 0 ]
[ 0, 0, 0, 74, 93, 4, 0, 0, 0, 0, 0, 0, 0, 0, 0, 0 ]
[ 0, 0, 0, 0, 34, 61, 62, 12, 0, 0, 0, 0, 0, 0, 0, 0 ]
[ 0, 0, 0, 0, 0, 1, 18, 49, 51, 23, 19, 0, 0, 0, 0, 0 ]
[ 0, 0, 0, 0, 0, 12, 11, 0, 0, 1, 14, 28, 0, 0, 0, 0 ]
[ 0, 0, 0, 0, 0, 0, 0, 0, 0, 0, 0, 0, 0, 0, 0, 0 ]
[ 0, 0, 3, 6, 9, 1, 2, 2, 0, 0, 0, 2, 0, 0, 2, 0 ]
[ 0, 5, 4, 5, 6, 7, 8, 11, 6, 17, 15, 17, 19, 9, 1, 0 ]
[ 0, 4, 2, 1, 0, 0, 0, 0, 0, 0, 0, 0, 0, 0, 0, 0 ]
[ 0, 0, 0, 0, 1, 0, 0, 0, 0, 0, 0, 0, 0, 0, 2, 0 ]
[ 4, 22, 29, 22, 19, 24, 26, 25, 26, 24, 25, 25, 24, 27, 30, 80 ]
[ 0, 0, 4, 10, 0, 0, 0, 0, 0, 0, 0, 0, 0, 0, 0, 19 ]
[ 0, 0, 0, 0, 0, 0, 0, 0, 0, 0, 0, 0, 0, 0, 0, 17 ]
[ 0, 0, 0, 0, 0, 0, 0, 0, 0, 0, 0, 0, 0, 0, 0, 11 ]
[ 0, 0, 0, 5, 1, 0, 0, 0, 0, 0, 0, 0, 0, 0, 0, 13 ]
[ 0, 0, 0, 0, 7, 6, 4, 8, 8, 7, 7, 1, 0, 0, 0, 16 ]
[ 0, 7, 16, 0, 0, 0, 0, 0, 0, 0, 0, 0, 0, 0, 0, 13 ]
[ 0, 4, 43, 81, 21, 0, 0, 0, 0, 0, 0, 0, 0, 0, 0, 12 ]
[ 0, 0, 0, 26, 59, 4, 0, 0, 0, 0, 0, 0, 0, 0, 0, 14 ]
[ 0, 0, 0, 0, 1, 2, 0, 0, 0, 0, 0, 0, 0, 0, 0, 13 ]
[ 0, 0, 0, 5, 24, 70, 13, 0, 48, 39, 23, 10, 0, 0, 0, 4 ]
[ 0, 0, 0, 0, 0, 7, 16, 0, 0, 6, 2, 10, 1, 0, 0, 0 ]
[ 0, 0, 0, 0, 0, 0, 0, 0, 0, 0, 0, 0, 0, 0, 0, 0 ]
[ 0, 0, 0, 0, 0, 0, 0, 0, 0, 0, 0, 0, 0, 0, 0, 4 ]
[ 0, 0, 0, 0, 0, 2, 6, 5, 6, 9, 9, 2, 0, 0, 0, 1 ]
[ 0, 0, 0, 0, 0, 0, 0, 0, 0, 0, 0, 0, 0, 0, 0, 0 ]
[ 0, 11, 3, 0, 3, 5, 4, 7, 4, 5, 4, 6, 9, 2, 0, 4 ]
[ 0, 0, 0, 0, 0, 0, 0, 0, 0, 0, 0, 0, 0, 0, 0, 9 ]
[ 0, 0, 0, 0, 2, 4, 0, 0, 3, 3, 2, 5, 0, 0, 0, 11 ]
[ 0, 0, 0, 5, 7, 8, 10, 12, 5, 1, 7, 6, 5, 0, 0, 14 ]
[ 0, 0, 4, 33, 31, 25, 29, 28, 26, 28, 35, 30, 12, 0, 0, 12 ]
[ 0, 0, 0, 0, 0, 0, 0, 0, 0, 0, 0, 0, 0, 0, 0, 8 ]
[ 0, 0, 0, 0, 0, 0, 0, 0, 0, 0, 0, 0, 0, 0, 0, 11 ]
[ 0, 0, 0, 0, 0, 0, 0, 0, 0, 0, 0, 0, 0, 0, 0, 12 ]
[ 0, 0, 0, 0, 0, 0, 0, 0, 0, 0, 0, 0, 0, 0, 0, 10 ]
[ 0, 0, 0, 0, 0, 0, 0, 0, 0, 0, 0, 0, 0, 0, 0, 11 ]
[ 0, 0, 0, 0, 1, 0, 0, 0, 0, 0, 0, 0, 3, 0, 0, 13 ]
[ 0, 0, 0, 0, 0, 0, 0, 0, 0, 0, 0, 1, 2, 5, 4, 21 ]
[ 0, 19, 24, 23, 23, 22, 20, 15, 10, 9, 6, 5, 4, 1, 0, 15 ]
[ 0, 3, 5, 4, 2, 5, 2, 0, 1, 2, 2, 0, 1, 6, 13, 7 ]
[ 0, 0, 1, 0, 0, 0, 0, 0, 0, 0, 0, 0, 1, 1, 0, 0 ]
[ 0, 0, 0, 0, 0, 0, 0, 0, 0, 0, 0, 0, 0, 0, 0, 6 ]
[ 0, 0, 0, 0, 0, 0, 0, 0, 0, 0, 0, 0, 0, 0, 0, 0 ]
[ 0, 0, 0, 0, 0, 0, 0, 0, 0, 0, 0, 0, 0, 0, 0, 0 ]
[ 0, 0, 0, 0, 0, 0, 0, 0, 0, 0, 0, 0, 0, 0, 0, 0 ]
[ 0, 0, 0, 0, 0, 0, 0, 0, 0, 0, 0, 0, 0, 0, 0, 0 ]
[ 0, 0, 0, 0, 0, 0, 0, 0, 0, 0, 0, 0, 0, 0, 0, 0 ]
[ 0, 0, 0, 0, 0, 0, 0, 0, 0, 0, 0, 0, 0, 0, 0, 0 ]
[ 0, 0, 0, 0, 0, 0, 0, 0, 0, 0, 0, 0, 0, 0, 0, 0 ]
[ 0, 0, 0, 0, 0, 0, 0, 0, 0, 0, 0, 0, 0, 0, 0, 0 ]
[ 0, 0, 0, 0, 0, 0, 0, 0, 0, 0, 0, 0, 0, 0, 0, 0 ]
[ 0, 0, 0, 0, 0, 0, 0, 0, 0, 0, 0, 0, 0, 0, 0, 0 ]
[ 0, 0, 0, 0, 0, 0, 0, 0, 0, 0, 0, 0, 0, 0, 0, 0 ]
[ 0, 0, 0, 0, 0, 0, 0, 0, 0, 0, 0, 0, 0, 0, 0, 0 ]
[ 0, 0, 0, 0, 0, 0, 0, 0, 0, 0, 0, 0, 0, 0, 0, 0 ]
[ 0, 0, 0, 0, 0, 0, 0, 0, 0, 0, 0, 0, 0, 0, 0, 0 ]
[ 0, 0, 0, 0, 0, 0, 0, 0, 0, 0, 0, 0, 0, 0, 0, 0 ]
[ 0, 0, 0, 0, 0, 0, 0, 0, 0, 0, 0, 0, 0, 0, 0, 0 ]
[ 10, 23, 22, 5, 17, 14, 13, 14, 9, 9, 7, 16, 8, 10, 21, 25 ]
[ 0, 0, 0, 0, 0, 0, 0, 0, 0, 0, 0, 0, 0, 0, 0, 16 ]
[ 0, 0, 0, 0, 0, 0, 0, 0, 0, 0, 0, 0, 0, 0, 0, 18 ]
[ 0, 0, 0, 0, 0, 0, 0, 0, 0, 0, 0, 0, 1, 0, 0, 19 ]
[ 0, 0, 0, 0, 0, 0, 0, 0, 0, 0, 0, 0, 0, 0, 0, 17 ]
[ 0, 0, 6, 0, 0, 0, 0, 0, 0, 0, 0, 0, 0, 0, 0, 15 ]
[ 0, 0, 0, 0, 2, 1, 0, 0, 0, 0, 0, 0, 0, 0, 0, 20 ]
[ 0, 0, 0, 0, 0, 0, 0, 0, 0, 0, 0, 0, 0, 0, 0, 16 ]
[ 0, 0, 0, 0, 1, 1, 5, 2, 1, 1, 4, 0, 0, 0, 0, 16 ]
[ 0, 0, 0, 0, 32, 2, 4, 6, 1, 9, 8, 8, 15, 2, 0, 16 ]
[ 0, 0, 0, 0, 3, 0, 0, 0, 0, 0, 0, 0, 0, 0, 0, 19 ]
[ 20, 14, 15, 13, 15, 22, 21, 28, 28, 13, 20, 20, 24, 20, 7, 29 ]
[ 23, 8, 4, 3, 3, 4, 0, 2, 11, 8, 12, 12, 14, 11, 26, 15 ]
[ 23, 5, 8, 9, 5, 8, 6, 6, 6, 6, 6, 3, 6, 11, 5, 9 ]
[ 10, 0, 0, 0, 0, 0, 0, 0, 0, 0, 0, 0, 0, 0, 22, 32 ]
[ 14, 4, 5, 5, 5, 6, 9, 7, 9, 8, 9, 3, 3, 41, 39, 11 ]
[ 6, 25, 22, 13, 24, 22, 18, 19, 18, 17, 17, 19, 21, 18, 21, 8 ]
[ 2, 15, 13, 0, 16, 20, 23, 28, 21, 20, 19, 19, 19, 8, 7, 0 ]
[ 3, 13, 15, 16, 30, 24, 19, 28, 23, 19, 20, 14, 15, 19, 8, 0 ]
[ 1, 10, 14, 14, 14, 23, 18, 22, 21, 16, 22, 22, 14, 7, 11, 0 ]
[ 0, 9, 14, 16, 16, 15, 18, 17, 15, 15, 15, 17, 8, 6, 10, 0 ]
[ 0, 1, 8, 24, 19, 5, 2, 3, 2, 1, 2, 2, 5, 10, 9, 0 ]
[ 0, 1, 0, 2, 21, 39, 28, 13, 10, 8, 11, 10, 10, 10, 11, 0 ]
[ 0, 7, 2, 0, 0, 5, 27, 31, 22, 12, 10, 9, 10, 9, 11, 0 ]
[ 0, 4, 6, 2, 0, 1, 5, 15, 27, 27, 30, 25, 16, 12, 11, 0 ]
[ 0, 3, 7, 1, 1, 16, 5, 10, 4, 6, 26, 21, 35, 34, 26, 1 ]
[ 0, 8, 8, 3, 2, 0, 0, 0, 0, 0, 0, 0, 0, 0, 5, 0 ]
[ 0, 16, 16, 18, 24, 16, 24, 25, 18, 25, 20, 20, 22, 21, 24, 9 ]
[ 6, 27, 28, 27, 27, 26, 28, 26, 24, 29, 28, 31, 31, 32, 34, 26 ]
[ 3, 15, 17, 17, 11, 12, 14, 12, 10, 10, 11, 9, 10, 11, 6, 0 ]
[ 0, 2, 2, 1, 0, 0, 0, 0, 0, 0, 0, 0, 0, 0, 0, 4 ]
[ 0, 1, 1, 2, 0, 0, 2, 2, 1, 2, 2, 0, 0, 3, 13, 8 ]
[ 0, 0, 0, 0, 0, 0, 0, 0, 0, 0, 0, 0, 0, 0, 0, 0 ]
[ 0, 0, 0, 0, 0, 0, 0, 0, 0, 0, 0, 0, 0, 0, 0, 0 ]
[ 0, 0, 0, 0, 0, 0, 0, 0, 0, 0, 0, 0, 0, 0, 0, 0 ]
[ 0, 0, 0, 0, 0, 0, 0, 0, 0, 0, 0, 0, 0, 0, 0, 0 ]
[ 0, 0, 0, 0, 0, 0, 0, 0, 0, 0, 0, 0, 0, 0, 0, 0 ]
[ 0, 0, 0, 0, 0, 0, 0, 0, 0, 0, 0, 0, 0, 0, 0, 0 ]
[ 0, 0, 0, 0, 0, 0, 0, 0, 0, 0, 0, 0, 0, 0, 0, 0 ]
[ 0, 0, 0, 0, 0, 7, 2, 0, 0, 0, 0, 0, 0, 0, 0, 0 ]
[ 0, 0, 0, 0, 0, 18, 66, 34, 11, 0, 0, 0, 0, 0, 0, 0 ]
[ 0, 0, 0, 0, 0, 1, 26, 42, 33, 16, 15, 8, 3, 0, 0, 0 ]
[ 0, 0, 0, 0, 0, 0, 0, 0, 0, 0, 0, 0, 0, 0, 0, 0 ]
[ 0, 0, 0, 0, 0, 0, 0, 0, 0, 0, 0, 0, 0, 0, 0, 0 ]
[ 0, 21, 22, 26, 31, 24, 24, 24, 21, 31, 27, 30, 23, 28, 35, 0 ]
[ 0, 13, 14, 17, 18, 19, 22, 30, 27, 33, 35, 36, 36, 19, 2, 0 ]
[ 0, 11, 9, 8, 4, 0, 0, 0, 0, 0, 0, 0, 0, 0, 0, 0 ]
[ 0, 0, 0, 0, 0, 0, 0, 0, 0, 0, 0, 0, 0, 0, 7, 0 ]
[ 23, 0, 0, 0, 0, 0, 0, 0, 0, 0, 0, 0, 0, 0, 0, 0 ]
[ 32, 2, 0, 0, 19, 23, 14, 14, 17, 14, 11, 2, 6, 0, 0, 4 ]
[ 33, 0, 5, 5, 5, 0, 0, 0, 1, 0, 0, 0, 18, 0, 0, 5 ]
[ 28, 0, 0, 0, 3, 0, 0, 0, 0, 0, 0, 0, 4, 4, 0, 9 ]
[ 30, 0, 0, 0, 0, 0, 0, 0, 0, 0, 0, 1, 0, 0, 0, 8 ]
[ 38, 3, 14, 26, 0, 0, 0, 0, 0, 0, 0, 0, 0, 0, 0, 7 ]
[ 34, 0, 2, 64, 83, 28, 0, 0, 0, 0, 0, 0, 0, 0, 0, 8 ]
[ 40, 0, 0, 0, 14, 77, 69, 17, 0, 0, 0, 0, 0, 0, 0, 8 ]
[ 39, 0, 0, 0, 0, 0, 23, 68, 74, 44, 18, 2, 0, 0, 0, 8 ]
[ 38, 0, 0, 0, 8, 15, 6, 0, 0, 28, 54, 87, 54, 27, 6, 6 ]
[ 39, 0, 0, 0, 0, 0, 7, 5, 0, 0, 0, 0, 0, 0, 6, 8 ]
[ 80, 34, 31, 49, 40, 42, 19, 2, 32, 13, 13, 11, 0, 9, 15, 21 ]
[ 14, 5, 2, 6, 8, 12, 12, 12, 15, 14, 13, 13, 18, 14, 5, 17 ]
[ 19, 17, 10, 4, 1, 0, 0, 0, 0, 0, 0, 0, 0, 0, 0, 1 ]
[ 13, 1, 0, 0, 0, 0, 0, 0, 0, 0, 0, 0, 0, 1, 0, 3 ]
[ 16, 10, 8, 4, 6, 18, 10, 9, 13, 7, 0, 7, 22, 7, 0, 8 ]
[ 0, 0, 0, 0, 0, 0, 0, 0, 0, 0, 0, 0, 0, 0, 0, 0 ]
[ 0, 0, 0, 0, 0, 0, 0, 0, 0, 0, 0, 0, 0, 0, 0, 0 ]
[ 0, 0, 0, 0, 0, 0, 0, 0, 0, 0, 0, 0, 0, 0, 0, 0 ]
[ 0, 0, 0, 0, 0, 0, 0, 0, 0, 0, 0, 0, 0, 0, 0, 0 ]
[ 0, 0, 0, 0, 0, 0, 0, 0, 0, 0, 0, 0, 0, 0, 0, 0 ]
[ 0, 0, 0, 0, 0, 0, 0, 0, 0, 0, 0, 0, 0, 0, 0, 0 ]
[ 0, 0, 0, 0, 0, 0, 0, 0, 0, 0, 0, 0, 0, 0, 0, 0 ]
[ 0, 0, 0, 0, 11, 0, 0, 0, 0, 0, 0, 0, 0, 0, 0, 0 ]
[ 0, 0, 0, 0, 13, 33, 0, 0, 0, 0, 0, 0, 0, 0, 0, 0 ]
[ 0, 0, 0, 0, 6, 53, 0, 0, 0, 0, 0, 0, 0, 0, 0, 0 ]
[ 0, 0, 0, 0, 12, 11, 23, 33, 0, 12, 0, 0, 3, 0, 0, 0 ]
[ 0, 0, 0, 0, 0, 0, 0, 0, 0, 0, 0, 0, 0, 0, 0, 0 ]
[ 0, 0, 0, 0, 0, 0, 0, 0, 0, 0, 0, 0, 0, 0, 0, 0 ]
[ 0, 0, 0, 0, 0, 0, 0, 0, 0, 0, 0, 0, 0, 0, 2, 0 ]
[ 0, 0, 0, 0, 0, 0, 0, 0, 0, 0, 0, 0, 8, 14, 0, 0 ]
[ 0, 0, 0, 0, 0, 0, 0, 0, 0, 0, 0, 2, 5, 0, 0, 0 ]
[ 0, 0, 0, 0, 0, 0, 0, 0, 0, 0, 0, 0, 0, 0, 0, 0 ]
[ 0, 0, 0, 0, 2, 13, 17, 11, 8, 5, 8, 5, 0, 0, 0, 0 ]
[ 0, 0, 1, 8, 0, 1, 3, 0, 0, 0, 0, 0, 4, 2, 0, 3 ]
[ 0, 0, 5, 7, 0, 0, 0, 0, 0, 0, 0, 0, 1, 0, 0, 10 ]
[ 0, 0, 0, 0, 0, 0, 0, 0, 0, 0, 0, 0, 0, 0, 0, 6 ]
[ 0, 1, 17, 15, 0, 0, 0, 0, 0, 0, 0, 0, 0, 0, 0, 0 ]
[ 0, 0, 3, 24, 45, 22, 2, 0, 0, 0, 0, 0, 0, 0, 0, 9 ]
[ 0, 0, 0, 0, 6, 51, 51, 21, 4, 0, 0, 0, 0, 0, 0, 6 ]
[ 0, 0, 0, 0, 0, 10, 57, 77, 72, 52, 28, 9, 0, 0, 0, 3 ]
[ 0, 0, 0, 2, 10, 7, 18, 25, 32, 52, 72, 81, 62, 32, 8, 7 ]
[ 0, 0, 0, 0, 0, 0, 0, 0, 0, 0, 0, 0, 0, 0, 0, 13 ]
[ 30, 58, 62, 63, 36, 26, 14, 12, 22, 12, 11, 8, 8, 20, 36, 48 ]
[ 31, 49, 47, 49, 50, 52, 43, 46, 57, 56, 58, 59, 60, 61, 64, 60 ]
[ 20, 32, 32, 29, 27, 25, 24, 25, 29, 27, 27, 27, 28, 23, 9, 0 ]
[ 5, 10, 10, 7, 6, 2, 0, 0, 0, 0, 0, 0, 0, 0, 4, 20 ]
[ 18, 22, 22, 21, 21, 20, 23, 22, 25, 23, 22, 18, 9, 27, 51, 38 ]
[ 8, 16, 21, 20, 19, 21, 25, 23, 24, 24, 23, 23, 20, 19, 23, 66 ]
[ 0, 0, 0, 0, 0, 0, 0, 0, 0, 0, 0, 0, 0, 0, 0, 0 ]
[ 0, 0, 0, 0, 0, 0, 0, 0, 0, 0, 0, 0, 0, 0, 0, 0 ]
[ 0, 0, 0, 0, 0, 0, 0, 0, 0, 0, 0, 0, 0, 0, 0, 0 ]
[ 0, 0, 0, 0, 0, 0, 0, 0, 0, 0, 0, 0, 0, 0, 0, 0 ]
[ 0, 0, 0, 0, 0, 0, 0, 0, 0, 0, 0, 0, 0, 0, 0, 0 ]
[ 0, 0, 0, 0, 0, 0, 0, 0, 0, 0, 0, 0, 0, 0, 0, 0 ]
[ 0, 0, 0, 0, 2, 0, 0, 0, 0, 0, 0, 0, 0, 0, 0, 0 ]
[ 0, 0, 0, 0, 0, 0, 0, 0, 0, 0, 0, 0, 0, 0, 0, 0 ]
[ 0, 0, 0, 0, 0, 0, 0, 0, 0, 0, 0, 0, 0, 0, 0, 0 ]
[ 0, 0, 0, 0, 0, 0, 1, 0, 0, 0, 0, 0, 0, 0, 0, 0 ]
[ 0, 0, 0, 0, 0, 0, 0, 0, 0, 0, 0, 0, 0, 0, 0, 0 ]
[ 0, 0, 0, 0, 0, 0, 0, 0, 0, 0, 0, 0, 0, 0, 0, 0 ]
[ 0, 0, 0, 0, 0, 0, 0, 0, 0, 0, 0, 0, 0, 0, 0, 3 ]
[ 0, 0, 0, 0, 0, 0, 0, 0, 0, 0, 0, 0, 0, 0, 17, 7 ]
[ 2, 0, 0, 0, 0, 0, 0, 0, 0, 0, 0, 0, 1, 1, 0, 0 ]
[ 0, 18, 16, 0, 0, 0, 0, 0, 0, 0, 0, 0, 0, 4, 12, 25 ]
[ 0, 0, 0, 0, 0, 0, 0, 0, 2, 5, 3, 0, 0, 0, 0, 0 ]
[ 0, 0, 0, 0, 22, 30, 25, 20, 43, 49, 44, 37, 0, 0, 0, 0 ]
[ 0, 0, 0, 0, 0, 0, 0, 0, 0, 0, 0, 0, 0, 0, 0, 0 ]
[ 0, 0, 7, 74, 48, 36, 42, 47, 46, 46, 39, 34, 39, 0, 0, 0 ]
[ 0, 0, 0, 0, 17, 22, 20, 19, 16, 15, 14, 4, 0, 0, 0, 0 ]
[ 0, 0, 0, 0, 0, 0, 0, 0, 0, 0, 0, 0, 0, 0, 0, 0 ]
[ 0, 10, 59, 56, 0, 0, 0, 0, 0, 0, 0, 0, 0, 0, 0, 0 ]
[ 0, 0, 0, 27, 48, 0, 0, 0, 0, 0, 0, 0, 0, 0, 0, 0 ]
[ 0, 0, 0, 0, 5, 1, 0, 0, 0, 0, 0, 0, 0, 0, 0, 0 ]
[ 0, 0, 0, 0, 27, 56, 1, 4, 48, 32, 22, 2, 0, 0, 0, 0 ]
[ 0, 0, 0, 7, 66, 102, 109, 82, 66, 85, 87, 104, 72, 34, 6, 0 ]
[ 0, 0, 0, 0, 0, 0, 0, 0, 0, 0, 0, 0, 0, 0, 0, 0 ]
[ 0, 0, 0, 0, 0, 0, 0, 0, 0, 0, 0, 0, 0, 0, 0, 0 ]
[ 0, 0, 0, 0, 0, 0, 0, 0, 0, 0, 0, 0, 0, 1, 0, 0 ]
[ 0, 0, 0, 0, 0, 4, 10, 7, 9, 11, 3, 0, 0, 0, 0, 0 ]
[ 8, 0, 0, 2, 2, 0, 0, 0, 0, 0, 0, 0, 0, 0, 0, 0 ]
[ 7, 0, 0, 5, 31, 0, 0, 3, 0, 0, 0, 14, 0, 0, 0, 0 ]
[ 5, 0, 0, 19, 7, 8, 2, 9, 0, 1, 1, 14, 11, 0, 0, 0 ]
[ 1, 0, 0, 19, 0, 0, 0, 1, 0, 0, 7, 0, 31, 0, 0, 0 ]
[ 0, 0, 0, 0, 3, 0, 0, 0, 0, 0, 4, 16, 0, 0, 0, 0 ]
[ 0, 0, 7, 8, 0, 0, 0, 0, 0, 0, 0, 4, 0, 0, 0, 0 ]
[ 2, 0, 5, 56, 16, 0, 0, 0, 0, 0, 0, 0, 0, 0, 0, 0 ]
[ 8, 0, 0, 0, 80, 61, 2, 0, 0, 0, 0, 0, 0, 0, 0, 0 ]
[ 10, 0, 0, 0, 0, 88, 29, 12, 0, 0, 0, 0, 0, 0, 0, 0 ]
[ 11, 0, 0, 0, 0, 57, 6, 2, 5, 0, 26, 3, 0, 0, 0, 0 ]
[ 12, 0, 0, 0, 0, 0, 45, 40, 0, 25, 7, 13, 45, 0, 0, 0 ]
[ 15, 0, 0, 0, 3, 0, 0, 12, 0, 4, 6, 0, 5, 0, 0, 0 ]
[ 0, 0, 0, 0, 0, 0, 0, 2, 0, 0, 0, 0, 0, 0, 0, 0 ]
[ 0, 0, 0, 0, 0, 0, 0, 0, 0, 0, 0, 0, 0, 2, 8, 0 ]
[ 0, 1, 0, 0, 0, 2, 0, 1, 0, 0, 0, 0, 7, 12, 0, 3 ]
[ 0, 1, 0, 0, 1, 8, 0, 4, 0, 0, 0, 5, 20, 0, 3, 2 ]
[ 6, 7, 14, 21, 24, 21, 25, 27, 24, 29, 27, 27, 20, 2, 2, 22 ]
[ 10, 0, 0, 7, 3, 12, 16, 16, 16, 15, 16, 16, 8, 5, 0, 0 ]
[ 9, 0, 0, 8, 26, 22, 28, 24, 34, 36, 36, 34, 30, 2, 1, 0 ]
[ 7, 0, 0, 0, 0, 3, 0, 0, 0, 4, 2, 0, 0, 0, 0, 0 ]
[ 8, 0, 0, 40, 41, 35, 34, 35, 42, 41, 40, 29, 33, 5, 0, 0 ]
[ 8, 3, 11, 3, 8, 10, 14, 14, 14, 15, 14, 15, 0, 0, 0, 0 ]
[ 8, 3, 0, 6, 18, 11, 1, 0, 0, 0, 1, 3, 2, 0, 2, 0 ]
[ 7, 2, 7, 0, 0, 0, 5, 4, 0, 0, 0, 0, 0, 0, 0, 0 ]
[ 7, 0, 0, 0, 0, 0, 0, 4, 7, 11, 4, 0, 0, 0, 0, 0 ]
[ 7, 0, 0, 3, 8, 7, 6, 10, 0, 0, 4, 15, 14, 19, 6, 0 ]
[ 8, 0, 0, 5, 0, 0, 8, 3, 0, 0, 0, 0, 0, 0, 0, 0 ]
[ 21, 17, 14, 7, 42, 38, 39, 66, 44, 31, 51, 44, 64, 37, 21, 4 ]
[ 8, 4, 9, 17, 20, 21, 24, 18, 11, 8, 8, 2, 0, 2, 0, 0 ]
[ 9, 5, 4, 0, 0, 0, 0, 0, 0, 0, 0, 0, 0, 0, 0, 7 ]
[ 5, 4, 3, 1, 4, 6, 4, 3, 4, 1, 0, 0, 0, 0, 48, 20 ]
[ 3, 0, 0, 0, 0, 2, 5, 3, 5, 5, 2, 0, 15, 38, 5, 1 ]
[ 7, 15, 8, 12, 17, 21, 21, 19, 20, 21, 23, 22, 19, 26, 26, 21 ]
[ 0, 0, 0, 0, 0, 0, 0, 0, 0, 0, 0, 0, 0, 0, 0, 0 ]
[ 0, 0, 0, 0, 0, 0, 0, 0, 0, 0, 0, 0, 0, 0, 0, 0 ]
[ 0, 0, 0, 0, 0, 0, 0, 0, 0, 0, 0, 0, 0, 0, 0, 0 ]
[ 0, 0, 0, 0, 0, 0, 0, 0, 0, 0, 0, 0, 0, 0, 0, 0 ]
[ 0, 0, 0, 0, 0, 0, 0, 0, 0, 0, 0, 0, 0, 0, 0, 0 ]
[ 0, 0, 0, 0, 0, 0, 0, 0, 0, 0, 0, 0, 0, 0, 0, 0 ]
[ 0, 0, 0, 0, 0, 0, 0, 0, 0, 0, 0, 0, 0, 0, 0, 0 ]
[ 0, 0, 0, 0, 0, 0, 0, 0, 0, 0, 0, 0, 0, 0, 0, 0 ]
[ 0, 0, 0, 0, 0, 0, 0, 0, 0, 0, 0, 0, 0, 0, 0, 0 ]
[ 0, 0, 0, 0, 0, 0, 0, 0, 0, 0, 0, 0, 0, 0, 0, 0 ]
[ 0, 0, 0, 0, 0, 0, 0, 0, 0, 0, 0, 0, 0, 0, 0, 0 ]
[ 0, 0, 0, 0, 0, 0, 0, 0, 0, 0, 0, 0, 0, 0, 0, 0 ]
[ 0, 0, 0, 0, 0, 0, 0, 0, 0, 0, 0, 0, 0, 0, 0, 0 ]
[ 0, 0, 0, 0, 0, 0, 0, 0, 0, 0, 0, 0, 0, 0, 0, 0 ]
[ 0, 0, 0, 0, 0, 0, 0, 0, 0, 1, 0, 0, 0, 0, 0, 0 ]
[ 0, 0, 0, 0, 0, 0, 0, 0, 0, 0, 0, 0, 0, 0, 0, 0 ]
[ 0, 0, 0, 0, 0, 0, 0, 0, 0, 0, 0, 0, 0, 0, 0, 0 ]
[ 0, 0, 0, 0, 0, 0, 0, 0, 0, 0, 0, 0, 0, 0, 0, 0 ]
[ 0, 0, 0, 0, 0, 0, 0, 0, 0, 0, 0, 0, 0, 0, 0, 0 ]
[ 0, 0, 0, 0, 0, 0, 0, 0, 0, 0, 0, 0, 0, 0, 0, 0 ]
[ 0, 0, 0, 0, 0, 0, 0, 0, 0, 0, 0, 0, 0, 0, 0, 0 ]
[ 0, 0, 0, 0, 0, 0, 0, 0, 0, 0, 0, 0, 0, 0, 0, 0 ]
[ 0, 0, 0, 0, 0, 0, 0, 0, 0, 0, 0, 0, 0, 0, 0, 0 ]
[ 0, 0, 0, 0, 0, 0, 0, 0, 0, 0, 0, 0, 0, 0, 0, 0 ]
[ 0, 0, 0, 0, 0, 0, 0, 0, 0, 0, 0, 0, 0, 0, 0, 0 ]
[ 0, 0, 0, 0, 0, 0, 0, 0, 0, 0, 0, 0, 0, 0, 0, 0 ]
[ 0, 0, 0, 0, 0, 0, 0, 0, 0, 0, 0, 0, 0, 0, 0, 0 ]
[ 0, 0, 0, 0, 0, 0, 0, 0, 0, 0, 0, 0, 0, 0, 0, 0 ]
[ 0, 0, 0, 0, 0, 0, 0, 0, 0, 0, 0, 0, 0, 0, 0, 0 ]
[ 0, 0, 0, 0, 0, 0, 0, 0, 0, 0, 0, 0, 0, 0, 0, 0 ]
[ 0, 0, 0, 0, 0, 0, 0, 0, 0, 0, 0, 0, 0, 0, 0, 0 ]
[ 0, 4, 3, 0, 0, 0, 0, 0, 0, 0, 0, 0, 0, 0, 0, 6 ]
[ 0, 0, 9, 0, 0, 0, 0, 0, 0, 0, 0, 0, 0, 0, 0, 9 ]
[ 0, 0, 6, 0, 0, 0, 0, 0, 0, 0, 0, 0, 0, 0, 0, 10 ]
[ 0, 0, 1, 0, 0, 0, 0, 0, 0, 0, 0, 0, 0, 0, 0, 12 ]
[ 0, 0, 8, 2, 0, 0, 0, 0, 0, 0, 0, 0, 0, 0, 0, 14 ]
[ 0, 0, 0, 1, 0, 0, 0, 0, 0, 0, 0, 0, 0, 0, 0, 13 ]
[ 0, 0, 0, 0, 0, 0, 0, 0, 0, 0, 0, 0, 0, 0, 0, 13 ]
[ 0, 2, 5, 1, 0, 0, 0, 0, 0, 0, 0, 0, 0, 0, 0, 14 ]
[ 0, 0, 0, 7, 0, 0, 0, 0, 0, 0, 0, 0, 0, 0, 0, 15 ]
[ 0, 0, 0, 0, 0, 0, 0, 0, 0, 0, 0, 0, 0, 0, 0, 13 ]
[ 0, 0, 0, 0, 0, 0, 0, 0, 0, 0, 0, 0, 0, 0, 0, 9 ]
[ 0, 0, 0, 0, 0, 0, 0, 0, 0, 0, 0, 0, 0, 0, 0, 2 ]
[ 0, 0, 0, 0, 0, 0, 0, 0, 0, 0, 0, 0, 0, 0, 0, 0 ]
[ 0, 0, 0, 0, 0, 0, 0, 0, 0, 0, 0, 0, 0, 0, 0, 0 ]
[ 0, 0, 0, 0, 0, 0, 0, 0, 0, 0, 0, 0, 0, 0, 0, 0 ]
[ 0, 0, 0, 0, 0, 0, 0, 0, 0, 0, 0, 0, 0, 0, 0, 0 ]
[ 19, 54, 48, 15, 26, 41, 35, 30, 35, 29, 30, 30, 30, 33, 39, 59 ]
[ 0, 19, 47, 6, 2, 13, 17, 12, 21, 16, 16, 13, 43, 20, 18, 31 ]
[ 0, 11, 15, 7, 31, 13, 10, 8, 21, 17, 14, 8, 14, 34, 13, 33 ]
[ 0, 10, 17, 0, 9, 13, 19, 1, 7, 10, 6, 16, 0, 19, 8, 32 ]
[ 7, 3, 34, 44, 14, 21, 31, 27, 28, 26, 10, 16, 38, 10, 11, 29 ]
[ 13, 5, 1, 42, 48, 31, 29, 36, 31, 30, 25, 10, 12, 13, 12, 32 ]
[ 13, 32, 5, 0, 23, 49, 42, 29, 29, 25, 19, 22, 11, 10, 13, 32 ]
[ 8, 48, 98, 79, 0, 0, 17, 37, 24, 16, 9, 11, 12, 10, 9, 32 ]
[ 2, 13, 19, 76, 43, 0, 0, 0, 12, 16, 20, 33, 17, 14, 14, 35 ]
[ 2, 6, 10, 2, 4, 0, 0, 0, 0, 0, 0, 3, 15, 23, 31, 41 ]
[ 1, 13, 5, 28, 53, 54, 0, 0, 59, 21, 18, 3, 0, 0, 4, 38 ]
[ 0, 0, 0, 5, 30, 72, 50, 9, 33, 63, 40, 71, 16, 13, 5, 29 ]
[ 0, 0, 0, 0, 0, 0, 0, 0, 0, 0, 0, 0, 0, 0, 0, 9 ]
[ 0, 0, 0, 0, 0, 0, 0, 0, 0, 0, 0, 0, 0, 0, 0, 0 ]
[ 0, 0, 0, 0, 0, 1, 1, 0, 0, 0, 0, 0, 0, 0, 0, 0 ]
[ 0, 0, 0, 0, 0, 0, 1, 0, 0, 0, 0, 0, 0, 0, 0, 0 ]
[ 8, 0, 0, 0, 0, 0, 0, 0, 0, 0, 0, 0, 0, 0, 0, 0 ]
[ 30, 17, 1, 0, 13, 26, 30, 27, 30, 29, 31, 21, 18, 13, 13, 0 ]
[ 32, 20, 8, 0, 0, 4, 4, 5, 5, 5, 6, 0, 4, 16, 12, 0 ]
[ 33, 17, 8, 0, 3, 4, 3, 5, 9, 11, 11, 13, 11, 15, 15, 0 ]
[ 34, 15, 5, 0, 0, 6, 6, 6, 6, 3, 3, 1, 0, 5, 13, 0 ]
[ 33, 2, 0, 0, 0, 0, 0, 1, 1, 0, 0, 4, 11, 12, 14, 0 ]
[ 39, 5, 2, 0, 1, 10, 12, 9, 5, 5, 7, 8, 11, 11, 14, 0 ]
[ 38, 3, 0, 0, 0, 1, 12, 16, 13, 11, 11, 12, 12, 12, 13, 0 ]
[ 41, 14, 7, 0, 0, 0, 10, 13, 16, 14, 10, 12, 12, 12, 13, 0 ]
[ 43, 17, 14, 3, 0, 0, 10, 26, 30, 18, 12, 12, 23, 24, 18, 1 ]
[ 43, 15, 13, 4, 0, 0, 4, 10, 1, 0, 15, 14, 21, 16, 16, 2 ]
[ 34, 27, 27, 19, 13, 7, 0, 0, 7, 1, 2, 0, 0, 9, 18, 1 ]
[ 39, 34, 30, 31, 32, 27, 24, 29, 31, 29, 33, 32, 33, 35, 35, 21 ]
[ 22, 22, 23, 23, 24, 22, 23, 26, 28, 25, 27, 29, 30, 28, 13, 2 ]
[ 18, 12, 13, 11, 9, 8, 8, 8, 8, 5, 3, 4, 3, 0, 0, 0 ]
[ 4, 1, 2, 1, 1, 0, 1, 1, 1, 0, 0, 0, 0, 0, 0, 1 ]
[ 0, 0, 0, 0, 0, 0, 0, 0, 0, 0, 0, 0, 0, 0, 0, 0 ]
[ 0, 14, 34, 43, 21, 17, 25, 22, 24, 25, 25, 31, 27, 32, 35, 41 ]
[ 0, 13, 24, 38, 9, 6, 7, 2, 6, 9, 11, 12, 10, 29, 32, 40 ]
[ 0, 15, 27, 31, 10, 17, 17, 8, 12, 18, 18, 17, 18, 20, 28, 38 ]
[ 0, 21, 25, 22, 19, 15, 18, 14, 14, 17, 15, 14, 18, 24, 28, 39 ]
[ 0, 27, 22, 23, 34, 34, 32, 33, 36, 36, 33, 25, 27, 32, 31, 38 ]
[ 0, 34, 25, 3, 4, 16, 31, 34, 38, 37, 34, 32, 31, 31, 29, 39 ]
[ 0, 40, 47, 23, 3, 0, 2, 17, 32, 36, 34, 33, 32, 32, 29, 38 ]
[ 0, 34, 40, 51, 48, 7, 0, 0, 2, 10, 15, 25, 31, 33, 31, 38 ]
[ 0, 34, 36, 37, 69, 28, 0, 0, 0, 0, 0, 0, 3, 17, 26, 37 ]
[ 0, 31, 31, 40, 52, 7, 0, 0, 1, 13, 0, 0, 0, 3, 14, 30 ]
[ 0, 5, 9, 13, 11, 15, 1, 0, 3, 15, 0, 0, 0, 3, 5, 21 ]
[ 0, 0, 0, 0, 0, 0, 0, 0, 0, 0, 0, 0, 0, 0, 0, 6 ]
[ 0, 0, 1, 3, 3, 2, 0, 0, 0, 0, 0, 0, 0, 0, 0, 2 ]
[ 1, 5, 4, 5, 6, 8, 9, 8, 10, 13, 12, 8, 7, 1, 0, 6 ]
[ 0, 0, 0, 0, 0, 0, 0, 0, 0, 0, 2, 1, 0, 0, 0, 1 ]
[ 39, 3, 0, 3, 3, 0, 1, 0, 1, 0, 1, 0, 0, 0, 0, 7 ]
[ 52, 1, 0, 9, 16, 0, 0, 0, 3, 0, 0, 0, 8, 0, 0, 12 ]
[ 52, 0, 0, 15, 28, 7, 1, 1, 3, 3, 2, 3, 7, 0, 0, 13 ]
[ 57, 1, 0, 0, 19, 0, 7, 2, 4, 0, 18, 16, 0, 11, 0, 13 ]
[ 64, 11, 0, 0, 11, 0, 5, 1, 2, 2, 15, 14, 2, 8, 0, 14 ]
[ 67, 13, 0, 7, 7, 0, 0, 0, 0, 0, 2, 0, 7, 0, 0, 14 ]
[ 66, 0, 0, 4, 0, 0, 0, 0, 0, 0, 0, 0, 0, 0, 0, 12 ]
[ 63, 1, 0, 0, 0, 10, 0, 0, 0, 0, 0, 0, 0, 0, 0, 11 ]
[ 62, 7, 0, 0, 8, 48, 0, 0, 0, 0, 0, 0, 0, 0, 0, 10 ]
[ 61, 5, 0, 0, 16, 42, 3, 0, 0, 0, 0, 0, 0, 0, 0, 5 ]
[ 60, 0, 0, 7, 0, 7, 16, 0, 6, 0, 12, 0, 2, 0, 0, 0 ]
[ 52, 0, 0, 1, 0, 9, 15, 0, 11, 0, 9, 0, 4, 3, 0, 3 ]
[ 47, 3, 0, 0, 0, 0, 0, 0, 0, 0, 0, 0, 0, 0, 0, 0 ]
[ 50, 14, 0, 0, 0, 0, 0, 0, 0, 0, 0, 0, 0, 0, 0, 0 ]
[ 52, 25, 0, 0, 1, 0, 0, 0, 1, 0, 0, 2, 0, 0, 0, 0 ]
[ 38, 20, 0, 0, 0, 6, 0, 0, 4, 0, 3, 4, 3, 0, 0, 2 ]
[ 9, 0, 1, 0, 0, 0, 0, 1, 5, 8, 4, 2, 4, 0, 0, 0 ]
[ 0, 0, 0, 0, 0, 0, 0, 0, 0, 0, 0, 0, 0, 0, 0, 0 ]
[ 0, 0, 0, 0, 0, 0, 0, 0, 2, 6, 5, 4, 0, 0, 0, 0 ]
[ 0, 0, 0, 0, 0, 0, 0, 0, 0, 0, 0, 0, 4, 0, 0, 0 ]
[ 0, 0, 0, 0, 0, 0, 1, 0, 0, 0, 0, 0, 0, 0, 0, 0 ]
[ 0, 0, 0, 0, 12, 17, 17, 12, 13, 14, 10, 1, 0, 0, 0, 0 ]
[ 0, 12, 36, 4, 0, 0, 0, 0, 0, 0, 0, 0, 0, 0, 0, 0 ]
[ 0, 0, 4, 27, 2, 0, 0, 0, 0, 0, 0, 0, 0, 0, 0, 0 ]
[ 0, 0, 0, 0, 1, 0, 0, 0, 0, 0, 0, 0, 0, 0, 0, 0 ]
[ 0, 0, 0, 0, 0, 0, 0, 0, 0, 0, 0, 0, 0, 0, 0, 0 ]
[ 0, 0, 0, 0, 56, 105, 106, 115, 92, 86, 94, 77, 56, 6, 0, 0 ]
[ 0, 0, 0, 0, 0, 0, 0, 0, 0, 0, 0, 0, 0, 0, 0, 0 ]
[ 0, 0, 0, 0, 0, 0, 1, 0, 0, 0, 0, 0, 0, 0, 0, 0 ]
[ 0, 0, 0, 0, 0, 0, 0, 0, 0, 0, 0, 0, 0, 5, 21, 2 ]
[ 0, 0, 0, 0, 1, 12, 12, 11, 12, 13, 2, 0, 20, 32, 0, 0 ]
[ 0, 0, 0, 0, 0, 0, 0, 0, 0, 0, 0, 0, 0, 0, 0, 0 ]
[ 0, 0, 0, 0, 0, 0, 0, 0, 0, 0, 0, 0, 0, 0, 0, 0 ]
[ 0, 0, 2, 3, 6, 13, 18, 20, 16, 16, 18, 15, 2, 0, 0, 4 ]
[ 0, 0, 4, 21, 16, 10, 10, 11, 11, 12, 14, 9, 8, 2, 0, 6 ]
[ 0, 0, 1, 3, 1, 2, 0, 0, 0, 1, 4, 0, 0, 0, 0, 7 ]
[ 0, 0, 1, 8, 8, 9, 9, 8, 7, 11, 11, 5, 0, 0, 0, 6 ]
[ 0, 1, 12, 15, 10, 3, 3, 2, 3, 2, 1, 0, 0, 0, 0, 5 ]
[ 0, 0, 0, 13, 27, 24, 3, 0, 0, 0, 0, 0, 0, 0, 1, 8 ]
[ 0, 2, 12, 6, 0, 4, 21, 16, 4, 0, 0, 0, 0, 0, 0, 6 ]
[ 0, 0, 0, 9, 0, 3, 2, 17, 34, 30, 22, 8, 1, 0, 0, 7 ]
[ 0, 0, 0, 0, 4, 14, 2, 0, 0, 10, 28, 33, 42, 24, 8, 7 ]
[ 0, 0, 0, 0, 0, 0, 0, 0, 0, 0, 0, 0, 0, 0, 0, 8 ]
[ 0, 29, 33, 42, 53, 65, 57, 33, 36, 48, 42, 45, 29, 24, 27, 27 ]
[ 0, 4, 7, 9, 10, 9, 11, 11, 12, 17, 17, 19, 21, 25, 28, 22 ]
[ 0, 13, 12, 10, 6, 5, 4, 2, 1, 1, 0, 0, 0, 0, 0, 0 ]
[ 0, 0, 0, 0, 0, 0, 0, 0, 0, 0, 0, 0, 0, 0, 1, 4 ]
[ 0, 5, 6, 7, 6, 6, 11, 11, 10, 13, 10, 4, 0, 1, 5, 9 ]
[ 2, 0, 0, 3, 6, 0, 0, 1, 0, 0, 0, 0, 2, 0, 0, 0 ]
[ 0, 0, 0, 12, 36, 0, 0, 9, 0, 0, 0, 21, 0, 0, 0, 0 ]
[ 0, 0, 0, 37, 13, 12, 4, 12, 0, 0, 1, 22, 5, 0, 0, 0 ]
[ 0, 0, 0, 39, 0, 1, 4, 9, 0, 0, 16, 3, 37, 0, 0, 0 ]
[ 0, 2, 0, 0, 13, 2, 0, 1, 0, 0, 12, 15, 5, 0, 0, 0 ]
[ 0, 0, 7, 4, 0, 0, 0, 0, 0, 0, 0, 5, 0, 0, 0, 0 ]
[ 0, 0, 8, 28, 1, 0, 0, 0, 0, 0, 0, 0, 0, 0, 0, 0 ]
[ 0, 0, 0, 0, 47, 21, 0, 0, 0, 0, 0, 0, 0, 0, 0, 0 ]
[ 0, 0, 0, 0, 12, 93, 9, 0, 0, 0, 0, 0, 0, 0, 0, 0 ]
[ 0, 0, 0, 0, 0, 89, 5, 0, 0, 0, 13, 0, 0, 0, 0, 0 ]
[ 0, 0, 0, 0, 2, 0, 42, 26, 0, 31, 12, 5, 30, 0, 0, 0 ]
[ 1, 0, 0, 0, 1, 0, 18, 12, 0, 14, 6, 0, 9, 0, 0, 0 ]
[ 0, 0, 0, 0, 0, 0, 0, 2, 0, 0, 0, 0, 0, 0, 3, 0 ]
[ 0, 0, 0, 1, 0, 0, 0, 0, 0, 0, 0, 0, 0, 1, 2, 0 ]
[ 0, 0, 0, 1, 0, 2, 0, 3, 0, 0, 0, 1, 10, 1, 0, 0 ]
[ 0, 1, 0, 0, 1, 8, 0, 5, 0, 0, 2, 10, 16, 0, 3, 0 ]
[ 0, 0, 0, 0, 0, 0, 0, 0, 0, 0, 0, 0, 0, 0, 0, 9 ]
[ 0, 0, 0, 0, 0, 0, 0, 0, 0, 0, 0, 0, 0, 0, 0, 73 ]
[ 0, 0, 0, 0, 0, 0, 0, 0, 0, 0, 0, 0, 0, 0, 0, 73 ]
[ 0, 0, 0, 0, 0, 0, 0, 0, 0, 0, 0, 0, 0, 0, 0, 70 ]
[ 0, 0, 0, 0, 0, 0, 0, 0, 0, 0, 0, 0, 0, 0, 0, 67 ]
[ 0, 0, 0, 0, 0, 0, 0, 0, 0, 0, 0, 0, 0, 0, 0, 68 ]
[ 0, 0, 0, 0, 0, 0, 0, 0, 0, 0, 0, 0, 0, 0, 0, 68 ]
[ 0, 0, 0, 18, 9, 0, 0, 0, 0, 0, 0, 0, 0, 0, 0, 65 ]
[ 0, 0, 0, 1, 25, 0, 0, 0, 0, 0, 0, 0, 0, 0, 0, 65 ]
[ 0, 0, 0, 0, 14, 0, 0, 1, 1, 0, 0, 0, 0, 0, 0, 69 ]
[ 0, 0, 0, 1, 0, 0, 0, 0, 0, 0, 0, 0, 0, 0, 0, 67 ]
[ 0, 0, 0, 0, 0, 0, 0, 0, 0, 0, 0, 0, 0, 0, 0, 51 ]
[ 0, 0, 0, 0, 0, 0, 0, 0, 0, 0, 0, 0, 0, 0, 0, 25 ]
[ 0, 0, 0, 0, 0, 0, 0, 0, 0, 0, 0, 0, 0, 0, 0, 29 ]
[ 3, 0, 0, 0, 0, 0, 0, 0, 0, 0, 0, 0, 0, 0, 0, 13 ]
[ 2, 0, 0, 0, 0, 0, 0, 0, 0, 0, 0, 0, 0, 0, 0, 8 ]
